1,1
1,2
1,3
2,4
3,5
3,6
4,7
5,6
6,8
7,9
8,10
9,11
10,12
10,4
11,13
12,14
12,15
12,16
13,17
14,18
15,19
16,20
17,5
17,21
18,22
19,23
19,24
19,25
20,26
20,27
21,28
22,27
23,6
24,29
25,30
25,31
25,32
25,33
26,7
27,28
28,7
29,28
29,32
30,34
31,35
32,23
33,33
34,36
34,37
34,29
34,38
34,39
34,40
34,41
35,12
36,42
37,43
37,44
38,4
39,38
40,7
41,4
42,25
42,4
43,23
44,7
45,28
46,45
46,24
47,28
47,23
47,32
47,41
47,4
48,46
48,47
48,48
49,49
49,38
49,50
50,51
50,38
51,43
51,52
51,7
52,25
53,33
54,42
55,45
56,50
57,32
58,24
58,4
59,53
59,29
60,24
60,32
60,4
61,28
61,41
62,48
62,54
62,55
63,39
63,44
64,56
65,29
66,57
67,23
68,28
68,24
69,58
69,28
69,59
69,23
69,38
69,31
69,32
69,60
69,41
69,4
70,3
71,61
72,62
73,63
73,4
74,64
75,65
76,45
77,32
11,32
11,4
78,66
79,58
80,4
81,41
81,4
82,67
83,28
83,32
84,68
85,69
86,4
87,70
87,60
88,23
88,32
89,34
89,32
90,28
90,23
90,71
90,2
90,72
90,24
90,32
90,41
25,28
25,23
25,6
25,31
25,24
25,32
25,4
91,32
91,41
92,7
93,73
93,31
30,2
94,74
94,75
95,4
96,76
97,77
97,28
97,78
97,44
98,7
34,32
99,79
99,80
100,50
101,41
102,81
103,41
104,38
104,22
105,36
105,9
106,82
106,83
107,24
108,38
109,84
110,5
111,85
42,86
42,41
112,87
113,88
114,89
115,23
52,49
53,90
53,33
116,91
117,50
118,45
118,32
119,47
119,83
119,34
119,55
120,20
120,92
120,93
120,94
121,45
121,5
121,6
122,38
123,95
123,7
123,28
123,33
123,25
123,96
124,97
124,98
125,99
61,100
126,24
126,32
127,72
128,101
129,32
130,28
131,77
132,24
133,102
134,24
135,95
135,45
135,103
135,38
136,35
136,28
136,104
136,32
137,49
137,50
138,4
139,105
139,106
140,23
140,38
140,32
140,41
140,4
141,30
141,36
141,107
141,108
141,32
142,45
142,23
142,24
142,32
143,79
143,5
143,109
143,74
143,110
143,6
143,40
144,60
145,5
146,111
146,88
146,112
147,6
147,32
148,113
148,79
148,31
148,24
148,33
69,30
69,6
149,4
3,6
150,28
150,23
150,71
150,72
150,6
150,114
150,24
150,25
151,102
152,31
153,38
73,58
73,13
73,60
7,100
154,115
155,4
156,32
157,116
157,60
158,117
159,28
160,118
161,60
162,41
163,73
164,58
165,36
165,73
165,7
165,83
165,38
166,119
167,120
167,121
168,60
169,122
169,60
170,13
171,58
172,32
172,4
173,58
174,123
175,124
176,60
177,23
178,60
179,125
180,5
180,54
180,32
181,126
181,58
181,122
181,127
181,128
181,119
181,124
181,129
181,116
181,130
181,13
181,131
181,132
181,1
181,133
181,134
181,135
181,136
181,137
181,60
182,138
182,139
182,4
90,13
90,60
183,1
25,6
25,22
184,49
184,30
185,117
186,6
187,28
188,42
189,117
190,13
191,60
192,7
193,58
193,122
193,128
193,124
193,132
193,133
193,136
193,60
194,116
33,140
33,32
195,38
196,58
197,141
198,60
199,30
37,44
102,85
200,4
201,38
202,6
202,41
203,142
204,82
39,143
39,142
205,4
206,2
206,133
206,60
106,8
107,144
207,5
208,126
209,145
209,146
209,147
109,84
210,148
210,69
210,149
211,25
212,150
212,141
213,151
214,6
215,152
216,4
217,82
218,79
218,153
219,154
220,155
220,156
221,157
222,5
53,158
116,159
223,49
223,50
224,4
119,73
119,82
120,116
120,131
225,7
226,160
227,45
228,100
229,82
230,122
230,132
230,135
230,60
127,41
129,23
129,24
231,38
232,161
232,24
133,77
133,73
133,130
133,162
133,163
133,27
133,164
133,165
233,157
233,49
233,2
233,51
233,38
233,50
234,166
234,167
234,38
137,50
235,66
140,49
236,168
236,60
237,169
238,121
239,170
240,36
240,5
240,29
240,6
240,24
240,25
241,49
242,171
242,24
243,7
243,24
243,172
244,172
244,50
147,6
147,31
245,28
245,23
245,6
245,31
245,41
148,45
148,28
148,72
148,173
148,6
148,33
148,4
69,45
69,28
69,23
69,38
69,32
69,41
69,4
246,6
247,174
248,126
248,119
248,124
248,13
248,60
249,3
1,3
1,32
250,53
250,29
251,175
251,66
252,45
253,58
254,176
254,142
255,177
256,45
257,32
258,32
259,45
163,178
260,179
260,45
261,30
167,73
167,25
167,41
262,180
263,28
264,181
264,182
264,183
265,184
266,62
266,40
16,40
17,97
87,5
267,34
268,185
269,23
270,38
271,186
272,2
272,51
272,50
273,187
274,7
275,45
275,170
276,116
25,6
25,188
25,41
25,4
277,189
278,7
279,190
279,7
279,4
280,191
281,38
282,38
282,41
283,7
284,7
285,38
286,5
287,181
287,7
287,170
287,192
287,8
287,193
287,25
288,38
289,60
33,131
290,174
291,38
292,194
293,47
293,3
294,103
38,4
295,13
296,38
107,90
207,45
207,47
207,28
207,23
207,195
207,27
207,141
207,24
207,196
207,188
207,41
297,38
297,32
298,4
299,197
212,150
300,24
301,60
302,5
302,4
303,24
304,54
305,142
306,45
214,16
307,32
307,142
307,4
43,76
43,187
43,155
43,156
43,198
308,73
308,168
308,3
309,8
309,199
310,60
311,3
311,107
53,25
53,96
312,77
312,200
312,201
312,182
313,38
117,202
117,202
117,203
314,73
122,204
122,24
315,45
316,121
123,205
123,206
228,24
229,28
229,24
317,30
318,73
318,32
318,4
319,207
320,208
320,209
321,32
322,95
322,45
322,82
322,34
322,193
323,82
63,28
63,210
324,90
324,73
324,83
324,38
324,32
324,25
325,7
326,211
326,212
326,38
327,32
328,45
328,73
328,28
328,6
328,100
328,213
329,8
329,32
330,49
330,214
330,98
235,215
235,216
235,71
235,2
235,217
235,218
235,219
235,41
140,38
140,50
331,153
332,49
332,24
143,61
143,220
143,107
333,221
333,193
334,32
334,4
335,38
336,38
145,73
337,117
337,193
243,80
243,41
243,4
244,144
338,6
338,31
148,73
148,222
148,1
148,38
149,63
149,5
339,4
248,223
340,28
340,32
340,4
150,6
250,29
341,224
341,146
342,225
343,5
344,226
345,31
345,32
345,152
346,4
347,32
348,30
349,4
350,38
350,24
350,32
351,32
351,4
352,32
81,30
353,227
353,75
354,7
354,142
165,7
167,86
355,7
356,148
357,228
358,2
358,51
358,50
87,6
359,229
360,15
361,230
362,231
363,232
364,233
364,234
364,235
364,114
364,96
25,6
25,31
365,45
365,73
366,7
367,12
367,236
368,41
369,5
369,38
370,98
370,24
371,28
371,212
371,24
371,228
372,229
372,237
372,64
373,32
373,4
101,95
101,2
101,72
101,103
101,8
101,29
101,6
101,31
101,152
101,50
101,188
374,14
374,15
375,238
375,192
375,199
376,4
377,7
378,45
210,239
210,240
212,241
300,12
300,229
300,123
300,242
379,117
380,24
381,243
381,5
381,163
381,168
381,3
382,105
382,106
383,77
383,36
383,244
383,245
383,27
383,246
383,247
383,248
383,249
383,89
383,250
43,160
43,251
43,88
43,252
43,112
43,139
384,73
384,31
385,121
385,32
386,49
387,41
222,9
388,24
388,32
389,82
389,28
389,5
389,38
389,9
389,114
389,31
389,24
389,41
389,4
390,253
314,30
391,38
392,171
392,254
393,191
394,162
394,191
395,29
395,121
395,24
315,255
315,73
315,4
396,28
396,29
397,49
397,50
398,229
399,25
400,157
400,49
400,2
400,256
401,231
401,38
128,121
325,29
402,32
327,114
66,257
330,201
330,5
330,258
403,24
403,32
140,259
140,260
140,231
140,34
140,38
140,256
236,229
404,36
404,45
404,261
404,82
404,262
404,162
404,83
404,231
404,246
404,107
404,6
404,263
405,50
239,24
406,264
407,49
334,38
408,24
408,4
409,123
410,28
410,32
411,109
411,265
411,266
412,24
413,73
414,38
415,267
415,268
416,30
416,189
338,121
338,6
338,38
338,114
338,31
338,32
338,41
148,6
148,24
148,50
148,4
417,6
71,73
418,5
418,4
252,73
341,269
341,270
419,271
420,272
420,50
420,4
421,273
421,48
421,231
421,34
421,274
421,96
422,97
423,53
424,23
424,275
424,2
424,24
425,258
425,4
426,142
427,32
428,32
429,50
430,115
431,72
432,234
432,276
432,111
432,277
433,34
434,278
435,231
353,231
436,279
437,24
438,32
438,228
439,73
440,259
440,260
440,229
440,90
440,45
440,28
440,231
440,212
440,38
440,256
440,24
440,228
13,90
13,4
441,100
16,45
16,280
175,7
442,30
443,5
444,231
444,256
444,41
445,45
445,24
446,38
447,28
447,281
447,105
447,183
448,231
449,260
449,244
449,282
449,78
449,99
449,283
449,256
450,284
450,285
451,229
451,4
452,126
453,36
367,83
367,32
454,107
455,286
455,28
455,227
455,62
456,161
457,221
370,232
458,200
458,55
458,287
459,99
459,162
460,6
461,280
462,167
463,121
464,121
465,148
465,288
291,231
291,38
466,32
467,38
295,32
468,289
469,7
297,64
470,117
470,290
471,152
472,121
212,150
473,5
473,29
473,24
473,32
473,41
303,28
474,38
383,1
383,133
383,182
383,31
383,33
383,60
475,107
476,291
388,123
53,234
53,34
53,228
477,292
477,41
117,203
478,50
479,221
480,142
480,280
481,82
481,212
481,24
481,224
393,30
393,90
393,77
393,83
393,231
393,293
393,294
393,167
393,211
393,100
393,40
393,25
482,205
482,4
122,38
483,45
483,8
483,29
483,41
228,295
228,30
228,21
484,24
60,4
485,2
126,38
126,24
126,32
126,152
126,33
486,170
487,8
487,34
488,152
489,73
133,2
133,231
490,32
135,32
491,256
327,4
492,90
492,228
330,30
403,4
493,296
493,297
493,206
493,298
494,299
494,27
494,300
494,301
239,24
495,229
495,227
495,62
495,209
495,123
495,302
406,28
407,29
496,45
68,206
497,205
498,2
498,278
498,44
499,28
499,5
499,231
499,29
499,256
500,38
500,50
501,73
244,259
244,303
244,304
244,284
244,256
416,38
338,6
502,121
341,181
503,141
504,221
421,231
421,305
72,201
72,278
428,163
505,32
506,36
506,29
507,203
508,152
509,50
510,28
510,38
510,172
510,193
510,41
511,73
511,6
511,44
511,152
512,73
512,306
512,5
512,236
512,89
512,102
163,307
163,29
163,308
513,45
513,47
513,23
513,309
513,83
513,29
513,3
513,6
513,310
513,311
513,40
11,312
11,170
11,192
11,313
514,314
514,315
515,22
165,2
165,51
165,50
516,227
516,62
516,80
517,297
518,72
518,178
16,5
519,225
520,51
521,7
522,41
523,49
523,38
523,50
524,227
524,231
524,121
524,199
524,152
524,316
524,317
524,4
525,38
526,121
527,7
527,23
527,256
451,5
451,163
451,300
528,318
529,238
529,32
529,319
530,280
531,7
531,227
368,79
368,207
368,5
368,320
368,163
368,321
368,226
368,322
368,323
368,300
532,231
533,79
533,92
533,116
533,299
533,324
533,325
533,152
534,121
534,32
535,41
536,49
536,7
536,74
455,326
455,327
537,328
537,193
538,7
539,329
290,44
462,238
540,32
541,24
101,45
101,24
542,32
291,121
291,152
466,49
466,30
466,73
466,2
466,38
466,32
466,25
543,45
544,7
545,7
297,24
546,152
547,28
548,73
548,74
548,51
549,121
550,189
550,36
550,97
550,50
551,29
551,317
308,53
552,152
553,41
387,41
554,119
555,4
556,69
556,264
556,330
556,331
557,23
557,41
558,332
559,256
560,5
560,227
561,231
562,192
563,246
563,121
563,256
563,24
563,152
563,41
564,55
565,28
396,72
396,34
566,41
567,73
567,300
567,31
485,4
568,157
568,231
569,123
570,275
570,235
570,333
570,33
570,41
571,73
572,2
573,334
574,290
330,77
330,45
493,38
494,163
494,4
143,3
575,334
575,335
576,49
576,7
576,38
576,24
576,50
577,212
577,31
578,24
579,201
580,245
581,104
581,336
582,295
582,3
583,3
341,337
341,338
584,49
584,50
585,49
585,339
586,170
587,152
588,30
588,38
588,24
589,34
590,170
76,100
76,24
353,303
591,34
167,340
592,231
592,39
593,163
594,31
357,341
595,231
596,45
597,16
597,300
597,100
597,24
597,317
598,342
599,60
524,286
524,209
524,75
600,280
601,189
526,12
526,229
602,77
602,4
603,231
530,34
604,231
605,209
606,157
606,284
606,231
607,121
607,44
290,121
462,121
462,34
462,24
462,32
462,152
462,41
372,229
372,117
372,25
464,32
101,28
101,231
608,343
466,227
466,24
543,45
38,312
38,297
38,298
38,203
609,38
545,7
472,38
472,125
472,100
610,7
610,115
611,45
612,66
217,121
308,53
613,38
614,29
614,193
615,284
616,28
616,33
617,28
618,12
118,38
118,50
619,71
620,50
621,225
481,123
563,231
622,208
622,4
395,280
122,162
122,38
623,90
623,7
623,167
624,344
624,163
624,107
625,345
625,5
625,93
625,51
625,151
625,161
626,152
627,82
628,121
628,32
629,231
629,38
629,50
630,25
631,229
631,227
631,346
490,121
327,152
632,347
632,208
632,16
632,66
632,348
632,18
632,4
330,53
330,104
235,27
235,105
235,106
332,49
633,90
633,234
633,2
633,121
633,38
633,256
633,33
633,96
494,349
634,5
239,49
239,221
239,38
239,152
239,50
495,99
495,6
495,41
495,4
635,231
406,350
636,6
636,24
637,38
637,105
637,50
638,45
638,163
638,121
638,32
638,280
639,34
640,49
640,7
640,280
641,117
641,24
642,152
643,30
643,238
643,153
643,107
643,32
644,49
499,160
499,5
499,23
499,351
645,49
646,49
646,50
148,352
148,99
148,72
647,6
648,353
649,354
650,61
650,295
650,3
650,24
650,21
651,28
341,121
341,152
421,14
421,309
421,328
421,355
421,1
421,98
421,8
421,34
421,32
421,305
421,96
652,6
653,356
589,275
589,284
430,357
430,228
430,149
509,73
654,275
654,231
654,32
654,152
654,317
654,4
655,23
655,152
656,318
510,117
512,30
512,169
512,5
512,163
512,300
657,49
657,38
657,50
658,45
659,49
659,7
517,95
660,358
660,4
661,38
167,53
440,49
440,359
440,229
440,90
440,45
440,353
440,5
440,346
440,163
440,66
440,231
440,6
440,38
440,24
440,228
440,50
440,41
662,30
663,360
663,82
663,28
663,143
663,83
663,66
663,231
663,29
663,212
663,89
663,24
663,41
174,361
597,121
597,75
664,99
665,28
665,5
665,231
665,34
665,41
273,275
273,152
666,7
667,24
668,77
668,73
668,104
668,16
668,336
668,256
668,44
668,228
669,34
670,28
367,187
367,362
368,363
368,3
368,6
368,364
368,365
368,4
671,28
672,24
673,9
674,105
607,24
675,121
675,32
290,44
676,38
677,163
677,34
677,32
677,41
677,4
678,7
679,159
102,356
680,246
681,366
682,49
682,5
682,38
682,256
682,50
683,256
684,49
684,72
684,174
684,50
685,100
686,191
687,231
687,32
688,256
689,5
690,2
690,121
690,50
691,30
691,73
691,7
692,356
692,367
693,163
694,356
694,368
695,51
695,50
119,30
119,90
119,45
119,5
391,121
391,38
391,4
622,36
696,193
696,280
697,28
697,104
697,123
231,355
698,23
698,369
699,44
699,41
322,57
327,38
327,280
700,246
330,53
235,106
67,231
634,23
239,370
495,189
495,222
495,66
495,300
406,82
406,281
701,23
702,35
408,275
408,231
408,153
408,25
703,28
643,107
643,332
643,21
643,280
704,154
705,117
706,49
707,45
707,34
499,4
708,152
709,95
709,212
709,24
710,24
247,44
711,226
251,66
341,121
341,152
421,280
712,34
713,371
714,42
714,158
11,275
11,163
353,372
715,152
716,2
518,45
717,373
717,100
718,66
719,5
596,45
720,231
721,7
722,38
723,231
91,300
724,23
724,163
668,104
668,374
668,44
528,4
669,28
29,153
725,369
458,192
726,121
726,24
727,275
727,152
727,280
728,121
729,32
35,233
730,41
731,227
731,375
39,44
732,77
733,256
733,32
733,152
734,38
684,170
735,24
735,4
736,259
736,228
548,45
548,376
548,73
548,51
548,89
548,22
548,50
306,167
306,228
690,90
690,2
690,231
690,256
690,24
690,317
385,121
737,363
614,192
738,377
739,7
52,38
740,246
118,38
118,256
224,378
391,49
391,7
391,231
391,51
391,121
391,38
391,379
391,50
741,28
741,170
741,6
741,25
741,96
742,303
742,206
742,50
481,42
481,380
481,30
743,303
744,4
745,99
745,163
745,231
745,34
745,281
745,32
745,317
745,280
746,12
746,38
696,381
696,104
747,77
747,25
748,28
126,66
629,24
629,142
749,152
750,259
750,2
750,50
751,4
752,231
753,24
753,100
330,75
754,365
755,45
755,82
755,28
755,5
755,231
756,121
757,7
758,382
759,73
759,275
759,121
759,193
759,317
760,260
760,45
760,76
760,73
760,7
760,104
760,275
760,24
760,44
760,55
761,49
499,32
415,232
762,38
763,157
763,38
764,303
765,82
765,24
766,24
338,231
338,38
338,256
148,23
148,34
148,281
148,300
148,96
148,4
339,231
339,256
340,383
767,378
341,90
341,167
768,309
768,40
768,186
769,384
769,385
770,345
770,151
771,386
772,14
772,387
773,388
773,385
774,371
774,389
774,385
774,390
775,38
776,201
776,256
777,231
778,391
778,373
353,372
353,392
353,393
779,60
780,387
781,231
782,121
783,12
784,246
785,384
442,30
786,394
786,42
786,395
787,359
787,12
787,396
787,291
787,397
787,236
787,83
787,175
787,256
787,228
787,308
787,317
787,331
787,398
787,399
788,30
788,170
788,231
788,34
179,400
789,376
790,121
721,7
721,6
524,401
524,385
667,77
791,383
451,121
792,353
793,402
793,282
793,38
794,256
794,100
794,24
795,34
795,24
368,385
796,7
797,7
797,377
797,403
797,390
797,198
798,186
537,205
799,7
800,7
673,229
673,170
673,404
673,89
801,34
802,82
727,82
727,23
727,281
727,300
727,50
727,41
727,4
803,38
803,50
96,405
96,406
675,275
675,163
675,206
675,142
675,50
675,375
804,83
805,407
806,38
807,308
808,408
808,384
809,121
810,121
471,23
811,409
812,221
472,410
472,24
472,100
472,152
379,121
380,103
380,98
380,205
813,121
735,99
735,275
735,96
735,4
814,371
815,352
44,5
44,275
691,221
691,411
613,231
737,73
737,275
737,231
737,300
694,356
816,412
816,385
817,405
480,217
818,228
818,413
394,121
819,9
819,300
820,280
821,42
744,25
744,4
566,414
822,226
398,24
823,234
824,181
824,73
824,191
824,228
825,7
826,45
826,66
826,81
826,6
826,123
826,41
827,25
827,4
629,50
828,6
828,268
829,127
829,415
829,245
829,168
830,392
830,170
831,280
832,41
492,30
492,121
330,387
330,6
833,82
834,82
834,300
834,100
835,121
835,96
835,41
836,34
837,27
640,416
640,284
640,417
838,42
839,412
840,186
415,390
709,170
841,256
842,16
842,152
843,98
843,29
843,24
844,232
845,406
845,189
845,36
845,262
845,418
845,175
845,419
845,97
845,420
845,421
845,98
845,400
845,107
845,367
845,422
845,123
846,99
846,256
847,356
847,41
848,49
848,38
849,228
850,231
851,371
851,389
852,7
853,275
854,142
855,384
855,121
341,50
342,423
342,230
856,384
856,377
856,401
856,385
856,390
857,231
858,170
858,121
859,424
859,425
859,366
590,231
590,280
860,378
510,105
861,30
861,73
861,152
861,25
862,30
862,377
862,426
163,140
863,104
863,83
863,29
863,34
863,281
863,24
863,40
864,256
11,384
11,385
865,227
866,384
164,163
780,427
780,10
867,170
867,280
868,256
869,38
870,231
871,38
871,256
872,309
872,99
593,384
173,7
173,38
873,27
873,231
873,300
874,96
444,428
875,163
875,429
876,4
877,430
878,431
878,432
878,142
879,30
668,44
880,49
880,50
881,49
881,38
797,384
797,378
797,386
797,401
797,385
539,203
461,32
461,385
96,155
882,7
883,121
884,339
376,24
885,387
886,152
292,427
887,49
887,231
39,38
39,256
888,121
469,170
889,7
890,95
890,50
891,384
891,28
891,231
891,256
299,7
892,82
892,280
893,7
893,121
894,121
690,433
895,375
895,280
552,384
896,388
897,157
898,434
898,339
898,152
899,435
899,384
899,297
899,352
899,271
899,103
899,378
899,205
899,206
899,436
899,228
899,334
899,25
899,437
900,3
901,256
902,346
902,40
903,45
903,73
903,7
903,345
903,54
903,44
394,89
904,29
905,384
906,303
906,95
906,121
906,203
126,231
126,256
126,152
126,280
907,211
908,384
909,77
909,45
909,200
909,73
909,82
909,426
909,107
909,6
909,34
909,256
909,24
909,25
910,170
910,152
911,5
912,30
912,256
913,300
698,369
830,438
830,73
830,66
830,103
830,55
490,45
832,49
832,230
492,30
492,90
492,167
492,186
492,228
138,121
138,21
330,439
330,388
914,82
635,24
702,121
915,317
915,280
577,38
577,440
916,256
917,45
640,157
640,441
640,231
641,227
641,121
410,104
410,231
410,24
410,96
918,231
919,23
919,231
919,121
920,24
921,384
921,378
922,170
922,442
922,280
923,200
924,30
924,83
924,170
924,121
925,50
841,24
842,28
244,27
926,275
843,5
843,24
927,44
845,121
928,121
928,34
929,100
929,24
930,300
931,443
931,28
931,174
931,444
931,32
931,142
932,73
932,163
932,27
932,34
932,300
932,256
932,96
850,121
850,38
850,256
850,152
933,445
933,38
934,209
934,75
341,446
341,447
935,41
936,7
936,448
936,404
857,28
590,152
775,231
937,142
938,339
938,152
939,30
940,231
940,121
940,152
941,2
164,49
942,275
943,256
870,231
944,426
944,6
871,73
871,27
871,40
945,49
945,50
85,449
946,231
947,234
947,256
947,280
524,303
524,450
524,205
524,121
526,451
451,275
451,231
451,339
451,38
451,256
451,280
948,23
949,452
950,453
950,227
950,208
950,2
950,51
950,50
951,280
952,82
952,23
952,83
952,205
952,121
952,152
952,452
952,317
952,96
952,280
953,454
953,447
954,152
955,45
956,7
957,152
958,45
959,455
959,231
960,358
960,4
98,152
961,170
101,209
542,9
882,7
886,7
962,256
963,38
469,117
964,30
964,280
210,340
965,163
966,185
966,191
967,340
894,50
968,384
968,231
968,121
968,280
969,256
970,28
971,339
972,7
549,456
549,121
113,457
552,384
46,231
973,231
973,256
899,2
901,159
901,231
901,458
117,356
117,459
224,103
974,103
975,24
976,181
976,73
977,22
977,41
819,62
696,411
978,49
488,38
979,313
911,207
911,356
980,38
980,50
829,359
829,6
829,460
750,121
750,256
750,4
231,231
981,234
570,7
982,38
982,4
330,209
983,6
984,461
406,350
406,38
985,117
986,103
987,5
987,430
987,10
988,447
916,121
916,34
916,256
989,49
989,353
989,227
989,104
989,38
989,256
989,50
989,4
243,38
921,4
707,34
990,14
990,7
990,167
990,34
990,32
762,462
762,34
762,38
762,256
762,50
991,463
923,90
992,420
992,281
993,24
994,256
842,38
244,24
995,7
995,375
843,2
843,51
843,50
996,4
997,61
998,49
999,121
845,256
845,4
1000,30
1000,77
1000,95
1000,306
1000,464
1000,362
1000,155
1000,107
1000,256
1000,32
1000,25
1001,2
850,45
850,297
850,23
850,71
850,275
850,153
850,205
850,29
850,40
850,317
850,41
850,280
149,221
1002,256
1003,231
1003,256
1004,256
1005,30
1006,231
1006,280
1007,465
1008,38
1008,256
1008,50
344,6
344,226
712,466
1009,231
774,445
774,227
774,291
774,223
774,368
774,446
774,75
1010,121
1011,163
654,339
654,280
1012,89
656,227
1013,467
1013,274
510,180
510,83
510,34
510,96
1014,163
1015,117
78,384
1016,231
1016,38
260,231
260,121
260,339
260,152
1017,121
1018,229
1019,401
1019,385
943,384
943,152
440,90
440,28
440,191
440,228
1020,7
1021,280
1022,121
16,468
16,34
1023,469
1023,461
1023,445
1024,38
87,446
267,171
267,64
267,152
1025,259
1025,121
1026,231
1027,461
1028,226
1029,7
1030,339
950,7
1031,4
1032,234
1032,5
1033,121
1033,9
1033,470
1033,300
1034,256
797,7
954,441
954,85
954,38
954,50
954,280
1035,121
536,45
536,445
536,426
536,387
536,105
536,449
287,7
1036,7
1037,275
1037,339
1037,152
461,471
461,7
461,472
461,64
1038,121
1038,152
805,384
805,231
1039,336
1040,159
1040,231
1041,231
39,404
469,117
1042,7
1043,45
1043,246
1043,24
210,473
1044,49
1044,7
1044,38
1044,256
1045,49
813,360
215,256
612,474
383,169
383,262
383,83
383,72
383,276
383,153
383,475
383,6
383,226
383,476
383,186
383,477
1046,259
1046,312
1046,260
1046,144
1046,471
1046,384
1046,402
1046,227
1046,478
1046,2
1046,170
1046,231
1046,118
1046,479
1046,232
1046,433
1046,38
1046,256
1046,24
1046,142
1046,480
1046,385
1046,417
308,228
1047,30
1047,201
1047,374
1048,121
1048,32
1048,152
1049,481
53,30
53,200
617,99
617,163
617,4
119,45
1050,256
1050,96
1051,38
744,104
904,73
395,66
395,121
123,140
978,23
747,275
747,170
747,482
747,186
747,33
747,25
1052,66
400,49
400,256
400,50
1053,243
1053,174
1054,256
980,49
980,38
750,152
698,356
1055,170
1056,49
1056,280
1057,256
1058,49
330,99
330,300
1059,234
1059,227
1059,163
1059,246
1059,41
1060,152
1061,7
1061,291
1062,121
1063,5
1063,356
1063,104
1063,152
1063,228
239,49
239,339
1064,121
756,231
637,117
637,310
916,34
1065,339
410,28
1066,221
1067,381
1068,483
1068,50
842,170
842,38
842,417
1069,484
1070,485
1070,45
1071,231
1072,384
1072,281
1072,24
1072,389
1072,41
926,275
926,34
926,280
1073,73
1074,5
1074,317
995,73
995,6
1075,5
996,246
996,50
1076,38
1076,256
1076,228
1077,388
1078,303
1078,368
1079,2
1000,287
1001,163
1080,45
1080,228
847,5
1081,3
933,486
1082,49
1082,38
1083,339
341,121
341,256
1084,371
1085,90
1085,50
1086,256
937,300
937,40
1087,275
1016,231
1088,45
1088,245
1088,230
1088,66
1088,24
1089,99
1089,16
1089,317
1090,291
518,41
167,275
1091,98
1091,343
1092,2
171,152
1093,174
1094,96
16,171
16,226
16,34
16,339
16,24
16,33
20,30
1095,95
522,121
522,487
522,24
522,142
272,50
1096,280
524,377
1097,121
1028,360
1028,5
1028,204
1028,389
1028,412
1028,152
1028,280
1098,66
1098,488
529,259
529,157
529,489
529,143
529,118
529,490
529,491
529,440
529,458
952,45
1099,152
1033,144
1100,275
1100,27
1100,4
1101,49
1101,38
1101,50
1102,280
956,170
956,121
956,6
1103,231
1104,30
1104,32
1104,388
1104,25
1104,96
671,28
94,45
607,45
802,241
290,231
1105,229
541,73
1106,24
1106,40
678,7
1107,49
1107,50
1108,223
1108,449
1109,461
1109,235
1109,34
1109,32
1109,152
1109,4
1110,111
1042,29
1111,189
1112,90
1112,152
1113,339
1114,7
1114,231
1115,49
1045,340
472,7
472,2
684,49
684,492
684,38
684,50
969,231
969,152
303,493
736,353
1116,494
1117,152
1118,121
388,384
1119,217
117,314
1120,30
1120,104
1120,98
1120,38
1120,256
1120,44
1120,10
1120,25
1120,41
974,205
974,121
1121,49
1051,100
1122,121
1122,256
1123,231
1124,152
1125,83
483,62
483,231
483,121
483,300
483,24
483,41
823,435
823,36
485,121
908,495
1126,256
1127,496
1128,29
133,231
133,38
133,256
330,434
330,228
330,449
330,25
1129,246
493,142
1063,207
1063,356
239,492
1130,35
1131,7
1132,497
408,204
1133,49
1133,38
1133,50
1133,4
1134,121
1135,457
1135,4
1135,280
1067,7
1068,498
1136,231
1137,426
1137,334
1138,28
1138,2
1139,24
923,186
842,50
1070,5
1070,66
1140,256
1141,98
1141,277
998,7
999,121
1142,7
1143,121
1076,246
1078,24
1144,35
1144,30
1080,99
1080,121
1145,24
1146,90
1146,45
1146,121
1147,38
1148,45
341,384
341,385
935,443
1149,99
1150,246
1151,99
1151,121
1151,256
1151,389
1151,152
1151,55
1152,29
859,469
859,12
859,163
859,66
859,22
1153,40
937,499
1154,414
1154,479
1155,500
1156,95
1156,227
1156,25
1156,96
1157,38
1157,256
1157,50
778,66
11,256
1158,30
1158,200
1158,186
1158,388
1158,142
1159,90
1159,167
1159,343
1159,186
1159,501
353,502
353,468
353,503
1160,256
518,203
1161,140
662,4
870,231
1162,374
1163,90
1163,256
1094,228
16,66
175,85
1164,7
1165,504
1166,346
1166,24
1167,40
275,7
182,505
182,256
1168,7
1169,7
1170,260
1170,30
1170,231
526,205
1171,7
1172,7
1173,7
1033,356
1033,89
1033,228
1174,121
1175,142
1176,384
1176,27
1176,29
1176,24
1176,32
1176,417
1177,90
1178,256
1178,506
1179,231
1180,95
1180,83
1180,41
94,12
673,121
1181,250
1182,40
1183,231
1183,100
1184,482
1185,493
210,140
682,507
682,164
682,508
682,123
682,509
1186,466
1187,205
1188,2
1188,50
1189,280
380,369
1190,121
1191,256
1192,231
1193,231
1193,121
1193,339
1193,256
1193,152
1194,29
1194,281
1195,193
1196,107
1196,510
1197,45
1198,511
1199,158
1200,38
1122,121
1122,339
1201,256
1202,34
1202,38
400,38
907,167
907,186
1053,434
319,502
1203,7
402,249
328,49
328,90
328,303
328,434
328,275
328,140
328,455
328,153
328,341
328,121
328,75
328,34
328,339
328,145
328,54
328,38
328,32
328,142
328,50
328,334
328,280
753,256
330,512
330,38
330,447
1204,73
1205,256
916,49
916,121
1206,231
1206,256
1207,57
1208,231
1209,24
1210,469
1210,29
1210,442
1210,102
1211,7
1211,256
1211,40
1211,228
1212,41
1212,280
1072,205
1072,121
1072,152
998,256
1213,24
845,82
1214,2
1215,82
1215,163
1215,153
1216,256
1217,259
1217,159
1217,260
1217,513
1217,144
1217,256
1218,49
1218,50
1219,256
1220,62
341,514
1221,16
1222,307
1222,62
1222,515
1223,516
773,484
1224,517
1225,38
1226,28
1227,518
1158,256
1158,40
1228,186
1228,228
1229,11
1229,38
353,519
1230,520
1230,521
1230,522
1231,229
166,280
167,12
167,268
1232,522
1233,152
1234,82
1234,29
1234,25
1235,73
1235,32
1235,25
1236,227
1236,27
1237,152
1238,381
1238,83
1238,167
1238,205
1238,29
1238,523
1238,6
1238,256
1238,40
1239,522
1240,34
446,2
446,51
446,50
1241,205
524,229
524,90
524,376
524,434
524,73
524,82
524,28
524,99
524,275
524,140
524,163
524,27
524,29
524,121
524,339
524,300
524,40
524,499
524,32
524,152
524,388
524,25
524,96
1242,121
1243,524
1243,484
1244,520
1033,181
953,525
953,526
1245,40
1246,52
1246,45
1246,351
1246,34
1246,339
1246,38
954,256
1247,518
1248,27
1249,522
1250,434
1250,231
1251,121
1251,38
1252,16
94,12
94,6
1253,275
674,16
1254,266
372,231
1255,518
805,502
805,527
806,256
679,50
1256,40
1257,227
1258,7
1258,121
1259,121
1259,256
1260,6
1261,470
1261,528
1262,256
1263,5
1263,41
1264,358
1264,98
1264,40
1265,90
1265,28
42,529
42,256
309,404
1266,100
1266,40
1267,384
617,121
617,256
974,226
974,89
1268,300
1269,205
1270,16
1270,520
1270,522
1270,530
1271,123
1272,41
230,280
400,2
400,531
400,231
400,38
908,443
908,231
908,121
908,339
908,256
908,152
319,256
911,356
1273,100
1274,121
1274,339
569,6
1203,121
1203,228
63,30
63,73
63,256
402,527
402,528
1275,532
1275,167
1275,4
328,231
328,38
328,152
328,50
1276,402
1276,54
1276,228
1277,256
239,375
635,90
1278,23
1278,205
1279,45
1280,533
1280,73
1281,121
1282,49
1283,434
1284,5
1284,356
1285,534
1285,527
1285,535
1285,522
1285,536
1285,537
1285,538
1285,539
1285,529
1285,518
1210,539
1286,121
1287,35
1287,162
1287,66
922,235
922,540
1288,356
1288,256
1289,256
1290,42
1291,90
1291,434
1291,2
1291,231
1291,118
1291,167
1070,45
1070,385
1072,163
1072,121
1072,24
1072,152
1072,41
1292,203
1292,280
1293,356
1294,30
1295,520
1296,45
1296,356
1296,27
1213,28
1213,83
1213,29
1213,339
1213,24
1142,235
1297,117
1143,121
1298,2
1298,541
1299,117
1215,50
1001,228
1217,30
1217,73
1217,356
1300,30
1301,121
1302,121
1303,339
1304,381
1305,275
1305,100
1305,24
1306,45
1306,99
590,483
1307,542
1307,543
1308,522
1309,47
1309,262
940,121
11,27
11,205
1310,520
1311,339
1311,40
1312,544
167,50
1313,356
171,205
945,49
1314,539
1314,525
1315,256
16,55
1316,5
1316,356
1165,30
1165,201
1317,27
1317,256
1318,97
1318,529
1319,545
1320,441
1320,546
1320,27
1320,520
1320,6
1320,547
1320,300
1320,528
1320,256
1320,417
1320,4
1321,256
1322,548
1323,121
1171,29
1171,389
1171,385
29,231
29,256
953,549
953,542
953,550
953,551
797,27
797,339
797,256
797,24
797,40
1245,256
1245,41
1246,229
1246,29
955,256
1251,38
1251,50
1324,524
1324,484
1253,90
1253,297
1253,231
1253,121
1253,339
1253,256
1325,211
1326,117
727,256
1327,38
462,7
1328,45
1328,172
1328,193
34,361
34,172
1329,246
677,7
1330,174
1330,151
102,2
1331,297
731,532
1332,75
1333,34
1334,518
964,303
1335,121
1336,339
1187,205
1337,16
303,6
1338,121
1339,100
1339,24
1340,356
1265,434
1265,54
1265,256
692,339
1341,24
1342,231
1195,49
1195,50
1343,40
616,552
616,384
616,478
616,444
616,553
616,343
616,123
616,269
616,270
694,116
1344,424
1344,306
1344,89
974,220
1123,300
623,467
488,38
826,256
911,249
1345,554
1345,468
1345,339
1345,509
1346,54
830,256
402,148
402,2
402,51
573,502
573,275
328,521
1129,356
1129,27
1129,369
1129,539
1129,339
1129,518
633,339
633,555
633,32
1347,339
1348,45
1349,2
1350,384
1350,208
1350,205
1350,339
1350,80
1350,4
1204,80
1351,231
1351,121
1206,231
1352,256
1353,30
1135,556
1135,557
1135,5
1135,34
1135,339
1135,40
1135,334
1354,117
1354,153
1354,256
1355,29
1355,55
1281,339
1281,256
1356,558
1356,256
1357,559
1357,375
1288,231
1358,256
1359,560
1359,555
1291,434
1291,231
1291,121
1291,152
1360,256
1361,388
1362,201
995,231
1363,339
1364,45
1364,231
1364,280
1213,231
1143,205
1365,356
1366,7
1367,339
1367,54
1367,186
1367,152
1367,228
846,24
1368,30
1369,231
1369,121
1078,74
1078,75
1370,35
1370,356
1370,40
1371,34
1371,561
1372,45
1372,40
245,256
1302,280
246,256
1373,256
1374,16
1374,484
1306,562
1306,235
1375,28
1376,340
1377,256
1378,376
1378,23
1378,40
1378,366
1309,23
1309,309
1309,187
1309,66
1309,388
510,45
1379,275
1379,2
1379,163
1379,538
1379,524
1380,563
1381,142
1382,256
1383,62
869,369
594,564
594,9
594,10
1384,426
19,231
1385,164
1386,443
1386,162
1321,256
275,565
724,41
1387,50
1388,6
1389,565
1390,566
1390,40
1391,40
1392,28
1392,50
1393,123
1394,40
1395,540
1251,38
1324,231
462,7
1396,567
1396,568
1396,358
1396,373
1396,511
540,275
1397,77
1398,40
1399,62
1400,231
1401,231
1401,38
1401,228
1259,97
1259,278
1259,40
1259,228
1402,90
39,490
39,38
1333,73
1333,28
1333,226
1333,142
1403,569
1403,570
298,231
210,570
1404,256
1405,34
41,62
892,339
1406,27
1406,231
1406,40
1406,152
893,231
380,287
1338,5
1407,100
1407,100
1408,16
1409,77
1409,66
613,339
1342,436
1342,375
388,152
1410,90
1410,5
1410,99
1410,571
1410,34
1410,25
389,356
389,231
1411,98
974,1
974,66
974,426
974,572
974,551
974,300
1412,82
563,231
563,121
563,339
563,256
1123,573
1123,574
696,34
1413,59
1413,186
627,30
627,62
1414,256
488,231
911,5
911,575
698,226
1415,576
1416,384
491,434
491,555
1417,46
328,218
1418,577
1418,87
406,350
1419,166
1419,123
1420,461
1420,446
1420,24
1421,356
1421,40
1422,256
1423,100
638,253
638,578
638,579
638,273
638,555
638,274
638,96
1424,384
1425,434
1425,556
1425,339
1425,555
1356,182
1356,499
1357,5
1357,121
1357,152
1426,30
1426,256
1427,2
1288,45
1288,38
1428,49
1428,50
1429,45
1429,153
1430,580
1430,5
1430,27
1430,581
1431,45
1431,434
1431,182
1431,24
1365,201
1365,356
1432,229
1432,582
1366,356
1298,152
1433,9
1434,256
1370,35
1435,34
1436,583
1373,229
339,544
1437,358
1303,339
1438,160
1438,584
1438,401
1438,388
1438,585
341,231
341,339
73,62
73,27
73,522
73,100
73,24
73,327
1439,29
425,28
1085,42
1085,30
1440,231
1441,27
1441,339
937,23
937,333
1378,36
1378,586
1378,320
1378,288
1378,62
1378,1
1378,51
1378,22
1378,100
1378,24
1378,587
1442,193
1443,537
1444,30
1444,339
862,30
862,404
862,388
1379,90
1379,588
1379,7
1379,589
1379,153
1379,167
1379,256
1379,228
1445,174
1445,256
1445,24
166,121
1446,297
1447,227
1447,208
1448,256
266,256
266,40
1094,273
18,544
18,300
445,256
445,40
445,385
1449,89
1450,231
25,590
25,544
25,16
25,426
91,451
1451,591
1452,434
1452,82
1452,521
1452,121
1452,24
1452,40
604,259
604,159
604,260
604,592
1453,256
1100,312
1100,90
1100,434
1100,297
1100,5
1100,451
1100,280
1454,28
1454,167
1454,417
187,2
1455,38
1456,38
727,231
727,218
727,38
727,256
727,274
727,593
1457,594
1458,218
1329,45
1459,555
1460,256
1460,280
540,369
1398,182
806,339
1402,121
39,38
1461,38
1461,595
1461,50
109,596
109,597
1335,598
1335,28
1335,256
1403,569
1403,570
210,5
1462,5
1462,356
302,356
302,99
548,256
1190,2
1190,50
1463,193
1464,482
1465,7
310,152
388,451
53,218
1466,32
620,38
974,353
974,599
974,311
974,333
974,600
974,601
563,226
1467,38
122,231
1468,356
1122,602
1125,45
696,356
1469,226
1469,603
1470,231
485,205
485,34
1471,231
1127,496
1472,121
1472,256
1473,49
1473,604
402,544
402,605
402,606
632,607
632,425
328,416
1474,231
1474,608
1061,546
1061,231
1475,544
1475,95
1475,297
1475,2
1476,356
1476,62
1476,170
1476,27
1476,205
1476,121
1476,22
1476,40
1476,80
1477,426
1477,151
406,350
836,62
986,339
1478,356
644,5
644,356
1479,275
1479,499
1479,280
1480,205
1480,121
1481,339
1481,256
1481,40
1482,358
1483,121
1212,82
1212,231
1212,256
1484,256
1485,350
1486,40
1070,485
1487,189
1488,339
1489,40
1490,256
1490,64
1490,609
995,98
1491,38
1491,100
1491,24
1492,40
1493,27
1493,256
1494,99
1494,231
1495,461
1495,28
1496,45
1496,34
1496,24
1497,27
1498,256
1499,167
845,295
845,3
1500,45
1500,434
1500,339
1500,451
1501,297
1501,227
1501,208
1501,2
1501,231
1501,153
1501,51
1501,205
1501,121
1501,34
1501,152
1432,610
1432,611
1366,271
1502,7
1503,231
1503,256
1503,24
1504,34
1504,40
1505,90
1505,167
1506,38
1507,581
1508,256
148,45
148,612
148,256
148,613
148,50
148,614
933,27
933,593
1373,229
1509,28
855,40
252,26
1510,307
1511,40
587,38
1512,544
1513,24
1514,73
1515,544
1515,40
1516,229
1516,269
1517,89
1518,231
511,231
511,256
1519,256
1520,609
1521,374
1521,44
1522,2
518,30
1523,256
781,521
1524,27
1524,256
1524,40
1525,24
263,121
872,45
872,297
1526,123
18,40
1527,256
1528,174
524,535
524,520
524,536
524,537
1529,231
1529,38
1529,256
1529,40
1530,615
667,256
1531,297
1532,7
1533,49
1533,2
1533,256
1533,50
1534,30
282,256
1453,616
1535,544
30,57
1536,45
1536,376
1536,23
1536,346
1536,83
1536,117
1536,27
1536,29
1536,256
1536,25
606,24
1537,7
1537,2
1537,170
1537,98
1537,231
1537,256
1537,55
728,121
728,40
728,280
463,5
463,9
463,89
804,123
1459,382
1459,556
1459,555
1459,336
1459,44
1459,152
1398,307
1398,182
1398,105
1398,417
679,50
1182,121
962,582
1538,546
1538,577
1538,617
1538,170
1538,118
1538,167
1538,313
1538,142
1333,73
1333,28
1333,226
1333,34
1333,211
1333,24
1539,230
109,231
298,544
298,82
298,5
298,356
298,482
298,114
298,582
298,300
298,87
1540,256
1541,77
1541,24
1542,90
1542,208
1543,30
1543,170
1543,192
1543,149
1544,38
1545,356
1546,356
1547,24
51,237
51,524
1548,163
1549,43
1549,200
1549,443
1550,73
1550,356
1550,2
1550,618
1551,619
1551,170
1551,313
1551,142
1552,329
1552,392
1552,227
1552,2
1552,206
1269,49
1269,50
563,36
563,611
563,551
563,153
563,246
563,29
563,543
563,620
563,621
563,228
1125,24
1271,182
1271,256
125,40
59,90
59,153
1553,344
824,583
1554,5
1554,41
1057,544
1057,615
1057,54
1057,10
325,35
1416,28
1555,339
1556,38
1557,577
1129,193
633,622
1475,193
1347,577
1347,231
1476,296
1476,577
1476,623
1476,98
1558,624
1558,73
1422,23
1132,123
1559,174
1559,231
1560,35
1560,200
1561,544
1426,297
645,51
1067,278
1138,204
1562,62
1563,339
1563,256
1211,62
1211,339
1211,256
1289,90
1289,434
1289,297
1289,275
1289,153
1289,205
1289,121
1289,152
1289,228
842,191
842,242
1564,38
1564,256
1565,49
1565,2
1566,27
1566,231
1566,339
1566,256
1567,45
1567,27
1567,24
1567,152
1568,396
1490,180
1364,29
1569,556
1569,121
1569,618
1569,339
1569,218
1569,38
1569,256
1569,191
1495,227
1495,378
1213,30
1213,521
1496,264
1570,231
1570,24
1571,40
1572,6
1572,24
1572,499
1573,90
1573,556
1573,617
1573,170
1573,625
1573,142
1574,231
1001,339
1575,256
1576,231
1576,339
1576,256
1576,40
1577,49
1577,170
1578,28
1578,24
1579,16
1580,231
1581,544
1582,590
1582,544
1582,45
1582,356
1583,626
1583,66
1584,7
1585,339
252,152
252,25
1306,2
1306,313
1150,256
1586,89
1587,544
1587,77
1587,376
1587,40
1587,44
1588,355
1308,627
1589,62
1589,231
1589,521
1589,539
1590,200
1591,617
1591,218
1592,90
1593,231
1594,577
1594,62
1594,27
1594,38
1594,256
1523,617
1523,205
440,229
440,90
440,28
440,212
440,38
440,24
440,228
1315,38
16,303
16,45
16,121
16,38
1595,24
1596,256
1317,5
1317,356
1317,492
1597,27
1598,231
1598,121
1598,193
25,544
25,45
25,535
25,521
25,182
25,256
25,40
25,614
1599,256
1600,339
282,231
287,7
287,256
1037,34
1037,40
539,203
1601,62
1602,49
1602,38
1603,7
1604,50
101,590
101,235
1398,231
1258,521
1262,7
1114,7
1114,565
1043,49
891,451
1605,218
1605,256
472,231
472,121
472,339
472,152
1606,7
1188,283
379,297
1607,121
1607,334
1608,256
1609,434
1609,297
1609,205
1609,121
1609,182
1609,100
1609,24
1610,339
1611,544
1611,90
742,303
742,416
1552,628
1552,206
1612,11
563,16
563,283
904,38
904,256
904,25
1613,256
1613,228
1614,544
745,231
745,256
1615,77
1616,231
1616,339
1617,98
1617,256
1469,227
1618,52
1618,47
1619,441
128,356
1620,191
1554,201
1621,231
1621,24
1622,521
1622,449
1556,121
330,535
1060,62
1060,170
1347,231
1279,50
577,90
577,167
577,38
1559,231
1623,35
1623,531
1624,256
1624,100
1624,24
1625,335
1626,534
1626,535
1626,121
1627,50
842,142
1628,121
1565,29
1071,617
1071,170
1071,142
1071,280
1629,201
1630,49
1630,7
1630,2
1630,50
1631,226
1632,629
1633,377
1634,50
1635,590
1635,41
1569,121
927,256
1636,231
1636,38
1637,170
1637,100
1637,24
1637,40
1638,630
1639,230
1572,381
1572,66
1572,3
1572,40
1575,231
1575,182
1575,40
1640,339
1641,356
1641,123
1642,5
1642,356
1643,54
1643,256
1643,64
