96,135
96,23
96,439
96,222
96,416
96,157
96,127
96,61
96,601
96,602
96,600
96,452
96,265
96,436
96,80
96,101
96,117
96,228
96,455
5,24
5,80
5,39
5,103
4,120
4,160
4,415
4,57
4,451
4,98
4,135
4,430
4,74
4,223
4,89
4,97
4,514
4,442
4,222
4,83
4,416
4,69
4,96
4,94
4,157
4,81
4,71
4,127
4,84
4,78
4,535
4,119
4,73
4,86
4,197
4,162
4,100
4,386
4,88
4,68
4,466
4,459
4,70
4,87
4,159
4,436
4,80
4,95
4,329
4,363
4,79
4,93
4,116
4,101
4,92
4,91
4,117
4,75
4,211
4,103
4,85
4,455
4,99
4,82
2,15
2,55
2,120
2,33
2,160
2,36
2,415
2,57
2,44
2,451
2,22
2,430
2,40
2,43
2,72
2,23
2,46
2,24
2,41
2,4
2,222
2,11
2,90
2,54
2,13
2,64
2,76
2,386
2,68
2,35
2,70
2,63
2,80
2,39
2,2
2,38
2,34
2,10
2,363
2,14
2,1
2,37
2,30
2,77
2,47
110,57
110,110
110,451
110,135
110,430
110,277
110,126
110,119
110,122
110,263
110,386
110,473
110,322
110,116
110,101
110,117
6,72
67,160
67,358
67,415
67,97
67,439
67,442
67,165
67,386
67,363
67,128
80,267
80,129
80,116
80,124
80,251
226,415
226,24
226,416
226,322
226,363
101,160
101,415
101,135
101,430
101,119
101,386
101,436
101,363
101,116
101,455
92,120
92,160
92,415
92,451
92,364
92,416
92,94
92,386
92,436
92,270
92,363
92,116
92,101
218,160
218,415
218,361
218,4
218,439
218,391
218,326
218,362
218,386
218,232
218,322
218,101
218,228
82,160
82,415
82,98
82,430
82,23
82,364
82,139
82,168
82,386
82,121
82,68
82,459
82,245
82,363
82,101
230,120
230,598
230,40
230,236
230,217
230,439
230,442
230,222
230,231
230,497
230,126
230,597
230,422
230,603
230,121
230,599
230,216
230,101
230,455
230,99
55,207
55,120
55,330
55,3
55,409
55,57
55,303
55,288
55,25
55,578
55,209
55,72
55,213
55,46
55,397
55,439
55,208
55,224
55,399
55,514
55,442
55,67
55,222
55,83
55,416
55,231
55,307
55,331
55,20
55,61
55,122
55,197
55,162
55,452
55,362
55,206
55,408
55,287
55,274
55,436
55,80
55,300
55,289
55,19
55,244
55,202
55,509
55,308
55,577
55,268
55,228
55,205
55,309
149,15
149,169
149,48
149,132
149,490
149,40
149,506
149,472
149,497
149,530
149,349
149,188
149,183
149,227
149,158
149,243
149,245
149,470
149,49
149,434
149,129
149,111
149,176
149,363
149,219
149,487
149,115
149,557
58,389
58,160
58,387
58,415
58,135
58,390
58,222
58,8
58,388
58,118
58,129
58,202
58,136
111,119
111,129
111,111
29,120
29,135
29,231
29,157
29,122
29,118
29,159
234,160
234,430
234,364
234,54
234,119
234,386
234,114
234,111
234,363
234,116
234,156
239,525
239,444
239,439
239,222
239,101
239,354
239,125
37,119
37,239
37,129
37,116
37,101
68,120
68,539
68,236
68,364
68,54
68,168
68,157
68,237
68,127
68,119
68,377
68,248
68,343
68,244
68,306
68,250
68,363
68,216
68,116
68,156
68,128
68,115
68,235
35,169
35,24
35,210
35,116
35,156
35,187
35,115
20,66
20,174
20,255
20,145
20,160
20,258
20,132
20,335
20,131
20,430
20,40
20,435
20,72
20,442
20,410
20,83
20,416
20,536
20,310
20,497
20,540
20,218
20,532
20,139
20,94
20,157
20,146
20,537
20,119
20,122
20,162
20,118
20,386
20,51
20,436
20,245
20,232
20,569
20,113
20,49
20,129
20,153
20,111
20,136
20,112
20,363
20,479
20,482
20,117
20,486
20,115
130,389
130,110
130,98
130,135
130,236
130,397
130,399
130,222
130,398
130,165
130,111
130,216
130,117
130,396
26,48
26,160
26,415
26,451
26,98
26,430
26,40
26,475
26,528
26,439
26,472
26,416
26,285
26,585
26,139
26,94
26,474
26,61
26,351
26,452
26,386
26,159
26,436
26,80
26,49
26,214
26,531
26,322
26,363
26,216
26,219
26,101
26,234
26,103
26,99
26,594
54,160
54,415
54,451
54,430
54,439
54,364
54,127
54,469
54,119
54,122
54,386
54,113
54,322
54,363
54,116
54,128
54,211
54,429
235,160
235,430
235,4
235,386
235,363
235,116
45,358
45,335
45,294
45,451
45,135
45,324
45,364
45,371
45,146
45,61
45,351
45,295
45,195
45,158
45,194
45,459
45,293
45,372
45,80
45,363
45,116
45,101
45,156
45,251
190,120
190,160
190,415
190,430
190,439
190,442
190,416
190,189
190,61
190,165
190,119
190,326
190,162
190,452
190,386
190,70
190,436
190,129
190,329
190,363
190,101
190,156
16,120
16,253
16,421
16,147
16,423
16,422
16,122
16,377
16,297
16,14
16,124
16,280
75,248
75,10
75,193
41,439
41,442
41,416
41,94
41,118
41,113
41,101
233,439
233,61
233,363
145,160
145,119
145,129
145,116
59,337
59,296
59,160
59,415
59,451
59,364
59,271
59,407
59,168
59,154
59,119
59,386
59,134
59,68
59,180
59,363
59,116
59,92
59,117
59,156
59,211
59,115
59,99
251,146
251,61
251,322
251,156
251,486
274,415
274,430
274,364
274,442
274,416
274,452
274,386
274,363
274,116
161,507
161,160
161,258
161,415
161,152
161,439
161,364
161,416
161,127
161,544
161,535
161,386
161,477
161,476
161,113
161,322
161,557
259,160
259,430
259,439
259,364
259,416
259,497
259,119
259,386
259,436
259,322
259,5
259,363
259,116
259,101
259,455
169,419
169,420
178,451
178,8
178,157
178,386
178,159
178,436
178,363
178,101
178,455
175,120
175,155
175,271
175,431
175,375
175,432
175,231
175,200
175,94
175,61
175,165
175,119
175,158
175,180
175,80
175,214
175,433
175,434
175,116
175,101
175,117
175,211
175,225
200,145
200,33
200,414
200,425
200,416
200,144
200,336
200,68
200,468
200,92
200,99
154,66
154,451
154,314
154,286
154,6
154,504
154,222
154,65
154,454
154,157
154,379
154,162
154,245
154,5
154,395
154,378
210,542
210,4
210,439
210,198
210,83
210,84
210,61
210,373
210,322
210,34
210,228
210,332
42,120
42,160
42,131
42,61
42,122
42,113
42,111
42,381
42,116
42,101
71,169
71,510
71,160
71,430
71,439
71,247
71,157
71,351
71,119
71,122
71,386
71,246
71,363
71,116
71,115
134,207
134,255
134,160
134,155
134,490
134,415
134,131
134,570
134,383
134,23
134,428
134,222
134,65
134,257
134,416
134,497
134,573
134,331
134,69
134,247
134,139
134,374
134,142
134,501
134,119
134,518
134,523
134,118
134,386
134,572
134,121
134,180
134,459
134,511
134,565
134,436
134,276
134,148
134,462
134,363
134,496
134,417
134,115
134,571
134,82
152,120
152,145
152,33
152,160
152,415
152,451
152,98
152,414
152,135
152,430
152,43
152,23
152,217
152,375
152,398
152,139
152,407
152,168
152,374
152,61
152,572
152,121
152,63
152,214
152,468
152,153
152,363
152,116
152,101
152,156
152,234
152,124
152,571
104,119
104,322
104,455
104,115
248,45
248,160
248,430
248,439
248,364
248,416
248,64
248,159
248,436
248,113
248,38
248,111
248,233
248,363
248,229
248,463
151,120
151,24
151,119
151,299
151,214
151,112
49,174
49,160
49,415
49,98
49,430
49,161
49,505
49,364
49,416
49,347
49,544
49,535
49,452
49,386
49,68
49,184
49,70
49,436
49,80
49,215
49,322
49,363
49,116
49,101
49,117
49,228
49,181
122,48
122,535
122,327
122,116
215,133
215,520
215,283
215,337
215,471
215,519
215,415
215,584
215,294
215,414
215,131
215,430
215,40
215,475
215,383
215,23
215,517
215,528
215,356
215,364
215,416
215,285
215,149
215,530
215,521
215,247
215,532
215,139
215,407
215,374
215,349
215,501
215,518
215,227
215,527
215,267
215,452
215,480
215,134
215,51
215,180
215,150
215,31
215,245
215,148
215,359
215,49
215,531
215,434
215,129
215,468
215,270
215,363
215,392
215,496
215,417
215,116
215,92
215,234
215,401
215,316
215,404
215,211
215,526
215,187
257,160
257,497
257,113
257,111
50,337
50,292
50,120
50,160
50,155
50,415
50,451
50,98
50,414
50,430
50,161
50,23
50,364
50,504
50,442
50,271
50,432
50,416
50,139
50,407
50,564
50,452
50,282
50,118
50,386
50,121
50,150
50,436
50,346
50,113
50,433
50,322
50,468
50,363
50,496
50,116
50,101
50,117
50,455
50,115
264,256
264,472
264,64
264,267
264,121
264,172
264,80
264,240
264,214
264,229
264,187
264,332
24,520
24,430
24,570
24,256
24,439
24,257
24,416
24,573
24,323
24,351
24,119
24,267
24,452
24,362
24,386
24,436
24,291
24,129
24,111
24,509
24,363
24,117
24,404
24,594
266,160
266,415
266,430
266,364
266,497
266,61
266,119
266,386
266,129
137,120
137,160
137,415
137,451
137,430
137,439
137,364
137,442
137,416
137,452
137,386
137,459
137,436
137,363
118,337
118,296
118,160
118,258
118,131
118,430
118,198
118,416
118,344
118,127
118,122
118,197
118,326
118,452
118,118
118,196
118,345
118,386
118,436
118,346
118,456
118,322
118,111
118,363
118,117
118,115
245,358
245,131
245,416
245,497
245,150
245,148
245,496
245,101
245,117
245,455
242,66
242,169
242,160
242,350
242,430
242,72
242,4
242,416
242,226
242,54
242,64
242,188
242,165
242,119
242,118
242,386
242,158
242,31
242,576
242,129
242,541
242,363
242,1
242,101
242,228
87,207
87,249
87,138
87,269
87,255
87,45
87,141
87,256
87,257
87,96
87,166
87,168
87,146
87,142
87,61
87,137
87,68
87,274
87,272
87,276
87,60
87,140
87,273
87,275
87,101
87,182
87,117
87,115
89,269
89,296
89,424
89,292
89,255
89,160
89,415
89,524
89,135
89,430
89,570
89,428
89,256
89,439
89,442
89,271
89,157
89,127
89,61
89,122
89,162
89,267
89,290
89,118
89,386
89,180
89,511
89,159
89,436
89,445
89,232
89,113
89,433
89,129
89,384
89,112
89,5
89,363
89,216
89,417
89,117
89,229
89,354
89,187
89,47
120,160
120,415
120,451
120,98
120,135
120,430
120,161
120,23
120,426
120,439
120,375
120,416
120,54
120,139
120,452
120,290
120,118
120,386
120,121
120,459
120,436
120,245
120,129
120,111
120,116
120,101
120,234
120,455
120,99
260,138
260,269
260,174
260,160
260,358
260,566
260,451
260,167
260,441
260,217
260,439
260,364
260,442
260,198
260,545
260,146
260,61
260,413
260,452
260,436
260,114
260,322
260,526
18,415
18,416
18,127
18,267
18,117
18,404
228,66
228,198
228,83
228,521
228,126
228,522
228,101
28,520
28,389
28,145
28,519
28,364
28,285
28,157
28,474
28,119
28,527
28,452
28,386
28,245
28,114
28,129
28,111
28,116
28,103
28,455
131,283
131,337
131,296
131,292
131,444
131,141
131,441
131,17
131,442
131,257
131,344
131,448
131,447
131,165
131,449
131,443
131,440
131,346
131,328
131,117
131,354
131,396
94,120
94,36
94,132
94,415
94,223
94,42
94,217
94,4
94,256
94,439
94,504
94,442
94,222
94,198
94,416
94,139
94,157
94,165
94,162
94,118
94,386
94,459
94,220
94,113
94,322
94,363
94,105
94,115
30,160
30,164
30,294
30,538
30,430
30,161
30,42
30,281
30,497
30,144
30,168
30,146
30,165
30,326
30,295
30,386
30,194
30,372
30,242
30,270
30,363
30,116
30,404
30,124
30,115
263,145
263,33
263,160
263,23
263,364
263,168
263,386
263,468
180,160
180,131
180,161
180,178
180,442
180,64
180,158
180,68
180,436
180,111
180,496
180,116
180,101
180,156
180,211
180,99
38,160
38,430
38,349
38,119
38,386
38,111
38,363
38,116
38,101
262,160
262,415
262,322
100,427
100,160
100,258
100,168
100,157
100,119
100,122
100,159
100,270
100,392
100,417
100,116
136,66
136,160
136,213
136,439
136,364
136,83
136,416
136,452
136,386
136,70
136,373
136,436
136,80
136,322
136,363
136,116
136,101
136,228
126,415
126,452
126,80
126,322
126,116
150,424
150,260
150,258
150,98
150,135
150,161
150,222
150,139
150,64
150,157
150,162
150,385
150,261
150,339
150,403
150,320
150,193
112,66
112,590
112,160
112,444
112,592
112,415
112,589
112,72
112,364
112,208
112,442
112,222
112,321
112,472
112,416
112,588
112,226
112,586
112,323
112,126
112,165
112,587
112,326
112,452
112,593
112,386
112,159
112,436
112,560
112,244
112,322
112,262
112,363
112,230
112,279
112,125
112,591
249,160
249,430
249,236
249,604
249,514
249,497
249,146
249,295
249,436
249,80
249,322
249,216
249,228
188,255
188,160
188,358
188,415
188,451
188,98
188,430
188,439
188,364
188,442
188,472
188,189
188,157
188,386
188,436
188,232
188,38
188,7
188,363
188,1
188,116
261,255
261,415
261,12
261,135
261,361
261,161
261,236
261,21
261,428
261,394
261,4
261,64
261,61
261,452
261,112
261,216
261,417
261,328
261,228
261,115
216,48
216,430
216,277
216,439
216,364
216,189
216,456
216,111
216,116
216,103
216,47
10,57
10,70
269,212
269,160
269,24
269,139
269,112
269,363
187,364
187,452
187,113
187,116
187,101
3,53
3,36
3,57
3,44
3,22
3,74
3,40
3,89
3,43
3,24
3,41
3,4
3,67
3,69
3,54
3,61
3,73
3,51
3,68
3,70
3,87
3,52
3,56
3,39
3,38
3,5
3,1
3,37
3,47
153,324
153,383
153,4
153,97
153,391
153,61
153,116
153,229
267,160
267,386
11,122
11,113
11,116
11,115
84,48
84,110
84,277
84,127
84,419
84,119
84,162
84,70
84,114
84,242
84,129
84,111
84,101
84,117
84,420
95,160
95,98
95,139
95,64
95,290
95,234
95,124
164,363
164,115
163,120
163,54
163,168
163,61
163,118
163,265
163,417
195,160
195,415
195,451
195,430
195,364
195,386
195,363
1,107
1,66
1,53
1,32
1,104
1,55
1,26
1,45
1,48
1,33
1,160
1,36
1,3
1,110
1,44
1,22
1,98
1,58
1,12
1,135
1,430
1,25
1,40
1,6
1,42
1,43
1,17
1,23
1,46
1,21
1,24
1,41
1,29
1,4
1,11
1,8
1,65
1,472
1,497
1,20
1,61
1,119
1,122
1,109
1,452
1,59
1,16
1,118
1,50
1,27
1,51
1,68
1,35
1,70
1,436
1,31
1,80
1,52
1,95
1,60
1,19
1,114
1,62
1,39
1,113
1,49
1,106
1,108
1,28
1,2
1,38
1,111
1,10
1,18
1,112
1,5
1,7
1,9
1,363
1,14
1,1
1,102
1,37
1,93
1,116
1,101
1,30
1,103
1,105
1,47
1,115
1,99
167,160
167,415
167,430
167,61
167,386
167,363
220,160
220,415
220,451
220,416
220,588
220,497
220,452
220,436
220,579
220,111
220,363
222,439
222,118
222,386
222,214
222,111
222,116
127,258
127,57
127,135
127,475
127,442
127,513
127,452
127,362
127,196
258,451
258,524
258,256
258,439
258,364
258,146
258,267
258,452
258,28
258,322
258,116
183,160
183,168
203,296
203,358
203,415
203,430
203,281
203,364
203,285
203,168
203,127
203,349
203,351
203,70
203,436
203,245
203,484
203,384
203,18
203,363
203,487
203,116
203,401
203,125
203,115
148,66
148,222
148,416
148,168
148,355
148,452
148,118
148,159
148,436
148,117
148,156
93,120
93,48
93,160
93,258
93,98
93,135
93,139
93,168
93,127
93,122
93,118
93,159
93,240
93,153
93,233
93,363
93,234
93,317
277,249
277,160
277,524
277,256
277,606
277,142
106,160
106,430
106,439
106,364
106,386
106,70
106,436
106,111
106,363
106,116
159,160
159,415
159,57
159,430
159,364
159,61
159,119
159,452
159,70
159,436
159,322
159,363
159,116
159,455
162,415
162,446
162,165
162,445
162,232
162,113
162,111
162,116
99,298
99,451
99,430
99,4
99,442
99,436
143,15
143,6
143,380
143,222
143,157
143,109
143,379
143,70
143,159
143,5
143,116
143,117
143,378
143,354
107,120
107,72
107,226
107,162
107,413
69,98
69,64
69,94
69,119
69,73
69,68
69,70
69,159
69,240
69,113
69,214
69,129
69,111
69,363
69,116
69,101
69,117
69,115
270,160
270,415
270,430
270,386
270,436
270,63
270,363
270,455
270,332
17,160
17,258
17,415
17,57
17,98
17,430
17,364
17,139
17,94
17,157
17,126
17,127
17,162
17,118
17,386
17,39
17,214
17,129
17,112
17,363
17,116
17,101
17,117
17,128
17,211
17,103
17,124
73,313
73,66
73,55
73,337
73,510
73,553
73,390
73,442
73,338
73,311
73,472
73,416
73,497
73,341
73,587
73,162
73,555
73,522
73,443
73,445
73,80
73,232
73,252
73,339
73,322
73,556
73,368
73,554
73,128
73,340
73,411
9,160
9,415
9,439
9,364
9,442
9,416
9,157
9,452
9,386
9,150
9,148
9,117
177,168
221,483
221,57
221,24
221,439
221,442
221,222
221,472
221,416
221,146
221,61
221,452
221,459
221,80
221,322
221,250
221,117
221,228
221,455
221,187
51,133
51,120
51,135
51,430
51,376
51,119
51,122
51,461
51,263
51,116
51,117
51,205
182,160
182,553
182,415
182,430
182,439
182,472
182,497
182,54
182,61
182,119
182,452
182,180
182,363
182,116
182,156
57,160
57,415
57,416
57,347
57,452
57,386
57,159
57,363
43,451
43,80
43,101
102,131
102,439
102,119
102,116
144,283
144,442
144,159
144,436
144,579
144,101
144,117
144,211
144,228
225,534
225,415
225,430
225,475
225,321
225,198
225,285
225,162
225,452
225,70
225,436
225,113
225,322
225,270
225,101
225,156
225,124
225,82
103,255
103,120
103,160
103,24
103,61
103,111
103,116
103,101
103,228
236,439
76,249
76,145
76,33
76,266
76,258
76,98
76,178
76,8
76,96
76,226
76,259
76,139
76,64
76,189
76,119
76,137
76,121
76,68
76,265
76,114
76,261
76,262
76,264
76,250
76,101
76,117
76,234
76,99
231,415
231,430
231,439
231,363
196,160
196,430
196,43
196,4
196,61
196,386
196,111
196,363
196,125
240,427
240,258
240,430
240,439
240,364
240,351
240,452
240,386
240,129
240,404
240,455
240,187
197,160
197,495
197,472
197,168
197,494
197,363
197,211
56,169
56,145
56,358
56,519
56,414
56,430
56,342
56,72
56,517
56,472
56,163
56,497
56,259
56,13
56,139
56,189
56,168
56,157
56,127
56,351
56,188
56,122
56,263
56,386
56,436
56,470
56,359
56,113
56,363
56,216
56,116
56,393
56,340
56,366
206,160
206,451
206,131
206,430
206,432
206,436
206,148
206,101
206,117
206,211
206,455
125,258
125,135
125,161
125,163
125,144
125,139
125,99
74,160
74,3
74,415
74,253
74,524
74,430
74,24
74,364
74,222
74,497
74,54
74,139
74,94
74,237
74,469
74,386
74,293
74,243
74,436
74,372
74,220
74,80
74,56
74,232
74,136
74,363
74,234
74,125
74,332
213,439
213,364
213,101
123,120
123,145
123,151
123,298
123,160
123,258
123,335
123,294
123,135
123,430
123,361
123,72
123,416
123,460
123,497
123,139
123,157
123,127
123,61
123,119
123,461
123,162
123,118
123,121
123,459
123,159
123,436
123,113
123,363
123,101
123,117
123,211
123,228
123,455
123,99
123,235
61,120
61,160
61,131
61,430
61,161
61,223
61,72
61,24
61,97
61,439
61,364
61,222
61,416
61,163
61,226
61,127
61,61
61,165
61,119
61,122
61,355
61,162
61,452
61,118
61,196
61,386
61,134
61,51
61,150
61,459
61,70
61,357
61,241
61,80
61,113
61,322
61,468
61,153
61,363
61,116
61,101
61,268
61,211
61,228
61,463
209,439
209,364
209,351
209,452
156,24
156,472
156,497
156,119
156,363
156,526
219,160
219,386
219,363
268,430
268,364
268,416
268,119
268,263
268,386
268,363
268,116
254,169
254,451
254,4
254,188
254,565
170,66
170,57
170,83
170,119
170,70
170,373
170,270
170,268
170,124
19,301
19,120
19,160
19,415
19,294
19,131
19,135
19,430
19,72
19,24
19,439
19,364
19,222
19,376
19,472
19,416
19,163
19,94
19,157
19,61
19,162
19,295
19,16
19,118
19,302
19,386
19,299
19,194
19,293
19,70
19,436
19,377
19,278
19,245
19,113
19,252
19,130
19,270
19,112
19,363
19,37
19,116
19,101
19,211
19,99
31,66
31,160
31,415
31,451
31,147
31,6
31,416
31,163
31,497
31,139
31,64
31,162
31,452
31,386
31,459
31,436
31,113
31,5
31,363
31,216
31,400
31,124
64,451
64,524
64,222
64,416
64,149
64,157
64,126
64,523
64,118
64,68
64,35
64,373
64,148
64,261
64,101
64,117
64,211
64,228
44,24
44,188
181,168
174,292
174,160
174,258
174,415
174,542
174,430
174,42
174,439
174,364
174,504
174,442
174,497
174,398
174,146
174,81
174,535
174,452
174,265
174,436
174,322
174,329
174,363
174,101
174,117
174,396
253,160
253,222
253,386
255,160
255,386
255,363
15,120
15,160
15,415
15,451
15,147
15,430
15,42
15,364
15,231
15,460
15,94
15,168
15,126
15,237
15,127
15,61
15,119
15,386
15,459
15,377
15,113
15,252
15,306
15,363
15,1
15,101
15,533
15,103
15,229
15,230
15,125
15,115
265,416
265,452
265,322
265,455
201,169
201,120
201,160
201,253
201,24
201,364
201,472
201,497
201,61
201,119
201,295
201,80
201,322
201,363
201,228
201,332
72,160
72,415
72,430
72,364
72,285
72,497
72,168
72,157
72,81
72,452
72,386
72,180
72,150
72,459
72,496
72,117
12,120
12,425
12,119
12,184
70,296
70,301
70,120
70,160
70,415
70,98
70,12
70,147
70,217
70,21
70,271
70,304
70,302
70,121
70,68
70,299
70,297
70,111
70,363
70,101
70,117
70,156
70,280
70,115
212,174
212,120
212,160
212,57
212,451
212,414
212,152
212,505
212,217
212,24
212,4
212,375
212,506
212,472
212,416
212,497
212,139
212,78
212,535
212,183
212,119
212,177
212,452
212,318
212,386
212,68
212,436
212,80
212,111
212,176
212,116
212,101
212,404
212,229
212,124
212,557
47,120
47,294
47,24
47,295
47,245
47,111
47,116
77,258
77,159
13,123
13,120
13,145
13,160
13,415
13,98
13,161
13,43
13,217
13,426
13,11
13,198
13,410
13,416
13,96
13,166
13,139
13,407
13,122
13,73
13,290
13,118
13,386
13,121
13,134
13,68
13,80
13,289
13,468
13,153
13,363
13,92
13,234
13,211
13,411
13,124
13,99
133,258
133,222
133,118
121,160
121,439
121,364
121,386
121,322
121,101
121,455
121,115
116,169
116,104
116,260
116,298
116,160
116,451
116,414
116,430
116,43
116,439
116,364
116,472
116,416
116,497
116,94
116,157
116,127
116,61
116,119
116,263
116,386
116,459
116,436
116,232
116,113
116,214
116,322
116,111
116,10
116,270
116,112
116,363
116,392
116,116
116,92
116,117
116,124
116,455
116,115
166,313
166,260
166,258
166,358
166,131
166,257
166,137
166,118
166,239
166,508
166,140
166,384
166,418
166,417
166,115
63,160
63,127
63,119
63,227
63,386
63,363
63,116
48,131
48,430
48,383
48,442
48,416
48,94
48,168
48,162
48,150
48,159
48,148
48,215
48,270
48,7
48,102
48,496
48,101
48,117
48,211
173,58
173,364
173,375
173,416
173,144
173,64
173,168
173,469
173,267
173,452
173,453
173,129
173,136
173,7
173,404
173,486
173,354
173,187
52,66
52,160
52,415
52,294
52,98
52,430
52,213
52,217
52,371
52,61
52,183
52,122
52,295
52,112
52,503
52,368
109,186
109,298
109,415
109,4
109,134
109,70
109,274
109,117
109,124
186,160
186,415
186,83
186,373
276,160
276,415
276,430
276,24
276,4
276,364
276,416
276,605
276,101
252,608
252,430
252,178
252,375
252,222
252,416
252,54
252,374
252,452
252,190
252,158
252,436
252,56
252,322
252,384
252,392
252,395
252,328
252,211
252,552
252,607
129,160
129,439
129,442
129,416
129,163
129,497
129,119
129,355
129,386
129,348
129,265
129,113
129,214
129,129
129,111
129,363
129,228
25,471
25,152
25,24
25,497
25,122
25,111
21,133
21,313
21,457
21,212
21,138
21,260
21,145
21,160
21,566
21,141
21,451
21,98
21,414
21,314
21,425
21,147
21,135
21,430
21,42
21,277
21,23
21,426
21,356
21,439
21,222
21,311
21,310
21,54
21,144
21,247
21,139
21,305
21,146
21,81
21,127
21,142
21,61
21,304
21,227
21,73
21,137
21,121
21,134
21,158
21,35
21,312
21,459
21,436
21,31
21,239
21,315
21,245
21,248
21,114
21,113
21,140
21,306
21,129
21,468
21,153
21,10
21,18
21,136
21,363
21,143
21,37
21,101
21,92
21,316
21,103
21,516
158,160
158,415
158,98
158,364
158,163
158,61
158,122
158,111
158,116
158,124
88,439
88,364
88,442
88,416
88,386
88,158
88,363
88,455
115,212
115,301
115,160
115,132
115,57
115,110
115,98
115,430
115,40
115,342
115,217
115,353
115,24
115,410
115,351
115,119
115,122
115,352
115,386
115,51
115,221
115,39
115,113
115,111
115,112
115,233
115,5
115,363
115,143
115,37
115,101
115,328
115,156
115,124
40,120
40,64
40,61
40,119
40,159
40,156
40,125
40,47
171,160
171,415
171,430
171,364
171,442
171,506
171,535
171,119
171,386
171,459
171,436
171,114
171,113
171,111
171,14
171,101
171,117
171,228
189,160
189,131
189,430
189,24
189,4
189,439
189,442
189,54
189,64
189,386
189,436
189,322
189,129
189,363
189,116
189,404
189,228
60,212
60,48
60,277
60,24
60,54
60,349
60,156
14,416
14,119
14,116
78,260
78,45
78,145
78,186
78,160
78,132
78,110
78,135
78,430
78,178
78,311
78,285
78,166
78,144
78,139
78,64
78,336
78,61
78,177
78,86
78,263
78,318
78,196
78,386
78,158
78,68
78,63
78,239
78,240
78,276
78,140
78,129
78,153
78,384
78,363
78,116
78,234
78,211
78,181
78,455
237,415
237,439
237,364
237,416
237,386
237,459
237,436
237,363
237,455
224,442
224,386
124,258
124,110
124,97
124,364
124,122
124,158
124,214
124,111
124,270
124,219
124,47
66,160
66,364
66,96
66,119
66,386
66,70
66,276
66,214
66,129
244,133
244,212
244,296
244,430
244,213
244,439
244,94
244,61
244,119
244,386
244,190
244,551
244,159
244,436
244,291
244,80
244,49
244,462
244,215
244,111
244,363
244,496
244,116
244,101
244,552
85,66
85,160
85,258
85,415
85,451
85,135
85,43
85,24
85,4
85,442
85,416
85,64
85,61
85,165
85,122
85,452
85,118
85,459
85,159
85,232
85,322
85,111
85,101
85,117
85,211
85,229
85,455
247,497
247,386
247,125
81,66
81,160
81,57
81,135
81,430
81,24
81,439
81,364
81,442
81,64
81,168
81,157
81,459
81,274
81,436
81,63
81,473
81,242
81,559
81,363
81,116
81,91
81,156
86,145
86,33
86,160
86,324
86,4
86,364
86,371
86,139
86,127
86,61
86,119
86,158
86,68
86,194
86,445
86,372
86,111
86,270
86,392
86,116
86,101
46,66
46,15
46,337
46,296
46,292
46,120
46,145
46,33
46,160
46,36
46,57
46,204
46,135
46,430
46,161
46,201
46,383
46,365
46,178
46,213
46,217
46,428
46,426
46,24
46,356
46,97
46,284
46,364
46,224
46,514
46,504
46,271
46,375
46,198
46,472
46,200
46,166
46,54
46,218
46,144
46,139
46,407
46,64
46,189
46,94
46,168
46,81
46,550
46,474
46,374
46,142
46,61
46,549
46,197
46,137
46,290
46,118
46,196
46,121
46,190
46,191
46,158
46,68
46,35
46,312
46,459
46,221
46,87
46,373
46,548
46,220
46,239
46,80
46,508
46,240
46,56
46,140
46,462
46,214
46,215
46,192
46,468
46,199
46,111
46,18
46,233
46,509
46,216
46,219
46,417
46,79
46,381
46,400
46,116
46,101
46,203
46,320
46,193
46,234
46,547
46,225
46,47
46,115
46,463
198,471
198,4
198,439
198,364
198,472
198,470
198,322
198,5
198,116
198,125
141,478
141,510
141,145
141,48
141,160
141,405
141,415
141,335
141,584
141,57
141,294
141,98
141,583
141,414
141,425
141,147
141,135
141,40
141,578
141,179
141,475
141,441
141,277
141,23
141,178
141,528
141,426
141,574
141,97
141,364
141,399
141,375
141,222
141,311
141,285
141,96
141,54
141,144
141,139
141,407
141,64
141,168
141,157
141,563
141,474
141,369
141,374
141,349
141,304
141,489
141,355
141,564
141,162
141,452
141,480
141,370
141,16
141,290
141,572
141,121
141,190
141,449
141,51
141,158
141,402
141,246
141,443
141,459
141,582
141,31
141,63
141,473
141,245
141,484
141,498
141,343
141,113
141,252
141,456
141,129
141,38
141,468
141,153
141,111
141,403
141,136
141,363
141,406
141,392
141,479
141,381
141,581
141,400
141,101
141,320
141,412
141,268
141,533
141,234
141,401
141,316
141,128
141,404
141,103
141,229
141,317
141,580
141,47
141,99
141,529
141,235
141,571
53,160
53,415
53,430
53,43
53,24
53,364
53,61
53,452
53,386
53,111
53,363
271,442
271,472
271,54
271,119
271,267
271,158
271,214
271,129
271,111
271,112
271,404
271,187
207,160
207,415
207,451
207,147
207,430
207,24
207,364
207,497
207,168
207,61
207,162
207,452
207,386
207,158
207,436
207,80
207,245
207,56
207,214
207,111
207,363
207,496
207,116
207,101
207,156
207,124
179,110
179,131
179,135
179,17
179,24
179,432
179,497
179,54
179,282
179,196
179,158
179,148
179,130
179,215
179,111
179,270
179,496
179,116
179,101
179,117
179,156
179,115
114,212
114,296
114,120
114,160
114,132
114,350
114,131
114,135
114,430
114,23
114,380
114,325
114,24
114,439
114,442
114,333
114,222
114,472
114,163
114,497
114,54
114,13
114,398
114,168
114,157
114,126
114,448
114,349
114,419
114,188
114,119
114,122
114,355
114,326
114,267
114,334
114,386
114,158
114,70
114,243
114,159
114,278
114,114
114,433
114,322
114,129
114,111
114,403
114,541
114,270
114,112
114,363
114,1
114,101
114,117
114,156
114,211
114,429
114,411
114,85
114,354
114,187
98,133
98,55
98,337
98,424
98,33
98,160
98,451
98,414
98,131
98,135
98,161
98,23
98,178
98,24
98,574
98,284
98,504
98,271
98,222
98,338
98,472
98,310
98,163
98,497
98,450
98,54
98,596
98,144
98,139
98,157
98,81
98,374
98,122
98,267
98,118
98,386
98,575
98,191
98,158
98,68
98,239
98,278
98,508
98,56
98,359
98,113
98,130
98,433
98,322
98,129
98,111
98,384
98,10
98,18
98,112
98,275
98,496
98,116
98,101
98,320
98,117
98,234
98,404
98,211
98,187
98,115
33,174
33,120
33,483
33,258
33,98
33,72
33,23
33,217
33,83
33,226
33,168
33,119
33,122
33,379
33,162
33,70
33,232
33,111
33,1
33,101
33,229
33,124
33,125
32,170
32,174
32,120
32,45
32,186
32,152
32,135
32,167
32,185
32,173
32,69
32,166
32,71
32,78
32,183
32,177
32,206
32,171
32,50
32,184
32,159
32,477
32,172
32,476
32,113
32,176
32,175
32,101
32,182
32,181
113,160
113,57
113,430
113,6
113,24
113,168
113,183
113,386
113,80
113,359
113,111
113,363
113,156
36,269
36,292
36,255
36,161
36,236
36,256
36,439
36,224
36,442
36,271
36,222
36,257
36,142
36,137
36,291
36,140
36,215
36,216
36,117
36,205
36,82
23,283
23,151
23,160
23,155
23,258
23,415
23,253
23,414
23,131
23,430
23,40
23,254
23,284
23,439
23,472
23,285
23,497
23,149
23,139
23,407
23,94
23,142
23,61
23,154
23,119
23,122
23,282
23,290
23,386
23,121
23,150
23,436
23,148
23,113
23,252
23,130
23,140
23,129
23,468
23,153
23,363
23,216
23,496
23,101
23,117
23,211
23,124
23,279
23,115
23,251
168,57
168,24
168,70
168,117
193,313
193,415
193,314
193,430
193,439
193,81
193,436
193,239
193,363
193,320
132,120
132,145
132,33
132,160
132,415
132,98
132,491
132,430
132,361
132,365
132,356
132,439
132,375
132,416
132,285
132,200
132,144
132,139
132,64
132,336
132,168
132,351
132,355
132,197
132,290
132,118
132,386
132,68
132,466
132,357
132,240
132,360
132,215
132,2
132,468
132,363
132,116
132,101
132,412
132,92
132,234
132,128
132,211
132,340
132,280
132,455
135,383
135,439
135,416
135,382
135,119
135,452
135,291
135,80
135,215
135,322
135,270
135,363
135,116
227,160
227,364
227,452
227,386
91,66
91,160
91,439
91,497
91,157
91,118
91,363
91,101
91,117
91,211
241,160
241,442
241,416
241,165
241,326
241,386
241,522
241,436
241,343
241,322
241,363
241,496
241,101
241,328
241,128
241,455
22,132
22,98
22,43
22,54
22,94
22,158
22,39
22,111
22,116
22,101
105,133
105,66
105,98
105,236
105,333
105,157
105,122
105,162
105,263
105,334
105,134
105,232
105,39
105,113
105,214
105,111
105,112
105,7
105,363
105,101
105,117
105,228
105,124
97,301
97,145
97,48
97,160
97,415
97,110
97,451
97,98
97,414
97,430
97,361
97,161
97,277
97,528
97,428
97,356
97,364
97,257
97,460
97,54
97,139
97,407
97,336
97,543
97,349
97,351
97,119
97,177
97,227
97,162
97,386
97,158
97,511
97,31
97,473
97,245
97,232
97,39
97,129
97,153
97,111
97,112
97,363
97,479
97,101
97,92
97,234
97,486
97,124
97,99
97,235
34,72
34,24
34,61
34,386
34,113
34,111
191,25
191,74
191,439
191,198
191,464
191,154
191,150
191,130
191,5
191,496
191,268
191,465
83,170
83,120
83,45
83,319
83,186
83,33
83,160
83,358
83,415
83,110
83,98
83,414
83,152
83,286
83,161
83,24
83,439
83,364
83,442
83,375
83,416
83,69
83,166
83,54
83,139
83,64
83,336
83,71
83,78
83,183
83,177
83,318
83,386
83,158
83,184
83,172
83,291
83,95
83,214
83,111
83,363
83,143
83,116
83,101
83,92
83,182
83,181
83,229
83,463
199,160
199,222
199,119
199,116
62,174
62,120
62,45
62,160
62,415
62,98
62,430
62,24
62,4
62,439
62,442
62,65
62,416
62,347
62,139
62,157
62,535
62,452
62,386
62,436
62,80
62,214
62,363
62,1
62,116
62,101
62,124
272,43
272,399
272,113
272,496
272,156
272,211
185,15
185,510
185,48
185,160
185,415
185,335
185,110
185,451
185,430
185,286
185,161
185,435
185,42
185,277
185,43
185,383
185,213
185,439
185,364
185,458
185,442
185,567
185,416
185,285
185,398
185,64
185,513
185,162
185,196
185,568
185,345
185,386
185,551
185,68
185,466
185,443
185,293
185,70
185,436
185,220
185,80
185,240
185,56
185,481
185,360
185,467
185,38
185,468
185,111
185,233
185,363
185,496
185,482
185,116
185,101
185,412
185,117
185,234
185,128
185,486
185,124
185,455
185,105
147,260
147,335
147,164
147,110
147,441
147,428
147,142
147,501
147,196
147,386
147,220
147,63
147,473
147,56
147,481
147,140
147,153
147,111
147,482
147,512
147,229
192,160
192,430
192,439
192,8
192,198
192,83
192,168
192,452
192,129
192,233
192,363
192,156
108,160
108,358
108,415
108,57
108,135
108,364
108,504
108,416
108,61
108,436
108,31
108,214
108,322
108,112
108,363
108,216
108,116
108,156
138,66
138,160
138,135
138,217
138,4
138,54
138,139
138,64
138,61
138,122
138,159
138,80
138,214
138,363
138,116
138,211
138,124
256,160
256,430
256,386
256,322
256,363
256,455
79,160
79,132
79,415
79,584
79,223
79,394
79,24
79,439
79,375
79,595
79,231
79,497
79,144
79,168
79,127
79,351
79,437
79,119
79,122
79,227
79,295
79,267
79,196
79,438
79,575
79,246
79,459
79,582
79,436
79,31
79,240
79,242
79,113
79,252
79,129
79,111
79,136
79,112
79,363
79,581
79,116
79,101
79,92
79,393
79,156
79,128
79,404
79,103
79,77
79,124
79,235
229,415
229,439
229,472
229,497
229,111
273,301
273,160
273,415
273,451
273,98
273,40
273,353
273,24
273,485
273,497
273,64
273,168
273,119
273,299
273,245
273,112
273,363
273,92
273,404
273,103
273,47
205,66
205,424
205,471
205,160
205,36
205,258
205,3
205,132
205,204
205,58
205,40
205,42
205,492
205,46
205,397
205,24
205,333
205,493
205,8
205,472
205,285
205,502
205,497
205,210
205,500
205,157
205,499
205,349
205,351
205,501
205,122
205,452
205,191
205,299
205,436
205,377
205,276
205,52
205,359
205,214
205,434
205,322
205,219
205,37
205,393
205,117
205,211
205,225
205,187
205,488
27,54
27,156
39,133
39,170
39,145
39,33
39,160
39,155
39,98
39,131
39,435
39,179
39,178
39,281
39,254
39,439
39,271
39,472
39,200
39,139
39,168
39,71
39,127
39,142
39,119
39,290
39,118
39,386
39,121
39,158
39,180
39,278
39,245
39,56
39,148
39,39
39,468
39,153
39,111
39,270
39,363
39,381
39,116
39,117
39,234
39,401
39,124
39,280
39,187
39,99
39,235
65,169
65,174
65,120
65,145
65,48
65,151
65,160
65,110
65,135
65,430
65,236
65,505
65,89
65,72
65,217
65,506
65,222
65,285
65,497
65,54
65,238
65,139
65,336
65,94
65,168
65,157
65,81
65,237
65,127
65,61
65,78
65,535
65,119
65,122
65,177
65,162
65,206
65,118
65,386
65,190
65,70
65,243
65,31
65,220
65,239
65,240
65,148
65,232
65,242
65,113
65,322
65,129
65,233
65,5
65,175
65,363
65,216
65,417
65,116
65,101
65,92
65,193
65,156
65,234
65,404
65,103
65,228
65,229
65,124
65,235
140,57
140,58
140,135
140,430
140,277
140,72
140,4
140,364
140,222
140,338
140,257
140,310
140,139
140,94
140,157
140,459
140,70
140,433
140,322
140,541
140,233
140,7
140,116
140,101
140,117
140,156
140,103
140,124
140,455
140,354
140,125
140,82
90,170
90,15
90,169
90,138
90,337
90,174
90,120
90,45
90,145
90,160
90,415
90,294
90,414
90,131
90,152
90,430
90,161
90,42
90,217
90,24
90,4
90,364
90,271
90,198
90,416
90,347
90,69
90,54
90,247
90,139
90,407
90,369
90,183
90,177
90,367
90,267
90,370
90,318
90,118
90,158
90,184
90,246
90,243
90,159
90,172
90,322
90,129
90,153
90,327
90,175
90,329
90,216
90,143
90,368
90,328
90,182
90,156
90,404
90,211
90,187
90,115
90,99
90,332
142,66
142,160
142,451
142,430
142,24
142,439
142,364
142,442
142,54
142,168
142,61
142,119
142,452
142,386
142,459
142,436
142,363
142,116
142,101
142,156
117,160
117,258
117,24
117,61
117,162
117,363
117,101
117,117
202,145
202,160
202,415
202,57
202,294
202,451
202,361
202,24
202,439
202,311
202,460
202,497
202,139
202,304
202,122
202,162
202,70
202,363
202,116
202,101
202,117
202,156
202,124
243,54
243,158
243,156
155,397
155,218
155,165
155,159
155,270
155,117
128,24
128,439
128,472
128,322
128,363
172,24
172,54
172,363
176,169
176,296
176,546
176,145
176,48
176,151
176,33
176,160
176,415
176,110
176,451
176,421
176,425
176,178
176,24
176,4
176,439
176,271
176,472
176,485
176,460
176,573
176,54
176,144
176,139
176,94
176,499
176,349
176,351
176,535
176,489
176,290
176,386
176,51
176,180
176,299
176,459
176,63
176,508
176,473
176,245
176,56
176,148
176,232
176,49
176,252
176,140
176,434
176,129
176,153
176,503
176,363
176,496
176,482
176,487
176,116
176,156
176,404
176,486
176,280
176,47
176,99
176,516
119,337
119,145
119,160
119,415
119,425
119,179
119,17
119,23
119,254
119,284
119,285
119,323
119,407
119,374
119,304
119,290
119,121
119,68
119,70
119,468
119,153
119,101
119,234
119,455
119,99
119,463
184,442
184,416
184,450
184,94
184,168
184,118
184,191
184,158
184,436
184,248
184,363
184,211
160,160
160,430
160,4
160,497
160,168
160,386
160,363
160,156
160,332
250,415
250,24
250,4
250,54
250,168
250,111
250,156
157,160
157,98
157,4
157,139
157,157
157,122
157,363
157,124
157,455
194,439
194,458
194,466
194,245
194,456
194,5
194,363
194,116
194,455
232,4
232,364
232,119
232,322
232,116
232,101
275,160
275,415
275,430
275,217
275,24
275,416
275,497
275,94
275,535
275,386
275,436
275,322
275,384
275,363
275,496
275,116
275,101
275,228
275,229
246,160
246,335
246,542
246,98
246,135
246,430
246,43
246,23
246,364
246,442
246,416
246,497
246,54
246,139
246,64
246,61
246,119
246,162
246,452
246,386
246,121
246,158
246,68
246,459
246,436
246,346
246,245
246,322
246,468
246,111
246,5
246,363
246,216
246,496
246,116
246,101
246,117
246,234
246,455
214,313
214,424
214,507
214,160
214,314
214,505
214,504
214,506
214,391
214,416
214,69
214,218
214,81
214,386
214,158
214,459
214,436
214,215
214,192
214,384
214,403
214,270
214,101
214,516
214,82
238,296
238,292
238,160
238,155
238,286
238,428
238,439
238,416
238,497
238,142
238,61
238,452
238,148
238,322
238,111
238,5
238,496
238,101
238,117
238,82
211,430
211,4
211,439
211,442
211,168
211,419
211,119
211,386
211,436
211,470
211,392
211,116
211,101
211,393
139,457
139,283
139,337
139,296
139,515
139,292
139,155
139,131
139,17
139,442
139,333
139,432
139,149
139,154
139,109
139,379
139,453
139,159
139,346
139,130
139,456
139,5
139,211
139,378
165,133
165,120
165,45
165,160
165,135
165,430
165,277
165,43
165,213
165,428
165,222
165,157
165,127
165,419
165,122
165,263
165,100
165,386
165,134
165,150
165,220
165,80
165,473
165,481
165,129
165,38
165,111
165,363
165,482
165,116
165,101
165,401
165,229
165,455
223,24
223,322
208,321
208,416
208,322
204,15
204,169
204,120
204,45
204,145
204,151
204,471
204,160
204,132
204,490
204,415
204,98
204,12
204,131
204,236
204,6
204,42
204,277
204,43
204,383
204,24
204,439
204,364
204,442
204,391
204,472
204,54
204,218
204,323
204,94
204,237
204,382
204,127
204,349
204,188
204,489
204,379
204,162
204,452
204,362
204,318
204,302
204,386
204,438
204,195
204,291
204,278
204,80
204,245
204,498
204,56
204,470
204,232
204,242
204,252
204,130
204,215
204,306
204,199
204,327
204,111
204,176
204,270
204,175
204,363
204,216
204,182
204,117
204,156
204,234
204,404
204,378
204,77
204,229
204,124
204,125
204,187
204,488
217,66
217,558
217,33
217,131
217,167
217,505
217,72
217,222
217,472
217,416
217,535
217,355
217,386
217,436
217,562
217,363
217,486
146,120
146,558
146,160
146,57
146,451
146,430
146,24
146,4
146,439
146,222
146,497
146,374
146,119
146,355
146,118
146,159
146,436
146,456
146,37
146,116
146,101
146,412
146,328
146,117
146,429
8,120
8,558
8,160
8,3
8,415
8,57
8,451
8,505
8,72
8,24
8,222
8,544
8,355
8,326
8,118
8,386
8,560
8,113
8,561
8,562
8,509
8,363
8,116
8,117
7,160
7,376
7,16
7,386
7,113
7,322
7,117
