0,0,1
1,1,1
1,2,1
2,3,1
2,4,1
2,5,1
2,6,1
3,7,1
3,8,1
4,9,1
5,8,1
4,10,1
1,11,1
6,12,1
6,13,1
7,14,1
6,15,1
6,16,1
8,17,1
6,18,1
6,19,1
6,20,1
6,21,1
6,16,1
6,22,1
6,23,1
9,24,1
10,25,1
10,26,1
10,27,1
10,15,1
10,8,1
10,28,1
10,29,1
10,30,1
10,23,1
10,31,1
10,32,1
11,17,1
12,33,1
12,34,1
12,35,1
13,27,1
14,10,1
14,10,1
14,10,1
14,10,1
8,2,1
2,36,1
2,37,1
2,36,1
2,36,1
2,36,1
2,28,1
15,38,1
16,5,1
16,32,1
17,10,1
18,36,1
19,15,1
20,13,1
21,39,1
21,39,1
21,28,1
21,30,1
21,40,1
22,13,1
22,41,1
22,25,1
22,8,1
22,30,1
22,17,1
23,42,1
23,16,1
23,43,1
23,44,1
23,45,1
23,46,1
23,25,1
23,7,1
23,1,1
23,22,1
23,31,1
24,37,1
25,6,1
25,36,1
25,32,1
26,47,1
26,48,1
26,49,1
26,50,1
26,51,1
26,52,1
26,36,1
26,53,1
26,54,1
26,8,1
26,2,1
26,11,1
26,5,1
26,30,1
26,32,1
27,17,1
28,5,1
28,31,1
29,55,1
30,17,1
31,56,1
32,24,1
32,32,1
33,15,1
33,57,1
33,15,1
32,29,1
32,29,1
34,58,1
34,59,1
35,60,1
36,11,1
36,61,1
36,62,1
36,41,1
36,27,1
36,1,1
37,22,1
37,63,1
38,64,1
38,65,1
38,17,1
39,66,1
39,29,1
39,17,1
40,5,1
37,10,1
41,17,1
42,67,1
42,27,1
42,60,1
42,63,1
43,68,1
43,69,1
44,41,1
44,41,1
44,41,1
44,7,1
44,70,1
45,71,1
45,23,1
46,72,1
46,6,1
41,40,1
47,17,1
47,36,1
48,73,1
48,74,1
48,17,1
48,75,1
49,8,1
48,36,1
48,76,1
48,77,1
48,78,1
48,79,1
48,80,1
48,81,1
48,82,1
48,83,1
48,84,1
48,29,1
48,40,1
48,24,1
48,63,1
50,47,1
50,0,1
50,30,1
50,3,1
51,63,1
51,85,1
51,31,1
46,0,1
46,17,1
46,30,1
52,36,1
53,36,1
48,10,1
48,23,1
54,86,1
54,87,1
54,88,1
54,80,1
54,89,1
54,90,1
54,91,1
54,92,1
54,17,1
54,24,1
54,30,1
54,63,1
55,36,1
56,17,1
46,30,1
57,93,1
57,10,1
57,10,1
57,75,1
58,17,1
56,17,1
58,32,1
59,62,1
60,5,1
60,29,1
58,22,1
58,32,1
56,17,1
58,31,1
58,32,1
58,32,1
58,32,1
60,61,1
58,32,1
60,94,1
58,63,1
60,7,1
58,30,1
58,75,1
58,32,1
60,75,1
58,75,1
58,75,1
58,32,1
58,32,1
58,75,1
58,63,1
58,32,1
58,75,1
58,32,1
58,23,1
58,32,1
61,16,1
58,17,1
58,32,1
58,17,1
62,25,1
0,13,1
0,0,1
0,17,1
0,37,1
63,5,1
64,45,1
64,95,1
64,11,1
64,46,1
64,81,1
63,6,1
63,4,1
63,96,1
63,97,1
63,68,1
63,98,1
63,72,1
63,49,1
63,99,1
63,100,1
63,101,1
58,17,1
64,81,1
64,41,1
64,41,1
65,7,1
66,5,1
66,41,1
66,102,1
66,84,1
66,81,1
66,103,1
66,84,1
66,104,1
66,46,1
66,105,1
66,66,1
64,17,1
67,17,1
67,106,1
68,7,1
67,71,1
67,107,1
68,26,1
67,86,1
67,6,1
50,108,1
67,109,1
50,110,1
67,59,1
67,111,1
50,112,1
67,23,1
67,113,1
67,114,1
69,8,1
69,63,1
19,1,1
69,24,1
19,115,1
19,116,1
19,116,1
19,117,1
19,109,1
19,69,1
19,22,1
19,75,1
19,23,1
19,31,1
19,17,1
70,75,1
71,118,1
71,7,1
71,119,1
71,120,1
70,121,1
71,118,1
70,30,1
71,12,1
71,122,1
71,2,1
70,123,1
70,5,1
71,53,1
70,124,1
71,26,1
70,2,1
71,125,1
71,126,1
71,32,1
71,127,1
71,128,1
71,129,1
71,129,1
71,110,1
71,98,1
71,130,1
71,37,1
71,36,1
71,11,1
67,36,1
67,23,1
72,131,1
72,132,1
72,1,1
72,75,1
73,32,1
74,48,1
74,133,1
75,75,1
76,69,1
77,134,1
77,124,1
77,5,1
77,28,1
77,16,1
78,7,1
78,28,1
78,30,1
78,31,1
79,40,1
80,84,1
80,84,1
80,84,1
81,37,1
81,61,1
81,61,1
81,17,1
82,30,1
83,5,1
84,36,1
85,30,1
85,23,1
86,31,1
86,40,1
86,32,1
86,31,1
86,23,1
86,22,1
86,17,1
52,17,1
87,135,1
87,80,1
87,136,1
87,137,1
87,138,1
87,121,1
88,32,1
52,17,1
52,17,1
89,37,1
89,36,1
90,71,1
90,109,1
90,32,1
91,15,1
91,68,1
92,37,1
92,36,1
92,4,1
92,93,1
92,139,1
92,140,1
92,66,1
92,141,1
92,12,1
88,8,1
88,125,1
93,5,1
94,36,1
95,23,1
95,16,1
96,17,1
81,37,1
81,69,1
97,22,1
97,75,1
97,23,1
97,23,1
97,31,1
97,17,1
97,47,1
97,81,1
97,122,1
97,31,1
97,48,1
97,133,1
97,26,1
97,8,1
97,142,1
97,95,1
97,12,1
97,49,1
97,62,1
97,75,1
97,15,1
97,44,1
97,143,1
97,144,1
97,27,1
97,136,1
97,55,1
97,68,1
97,145,1
97,16,1
97,11,1
81,146,1
81,147,1
81,148,1
81,149,1
81,150,1
81,62,1
81,111,1
81,144,1
81,151,1
81,152,1
81,93,1
81,15,1
81,40,1
81,133,1
81,68,1
98,125,1
81,153,1
81,154,1
98,131,1
81,44,1
81,109,1
81,155,1
81,107,1
81,69,1
99,29,1
99,59,1
99,134,1
99,37,1
99,106,1
99,71,1
100,17,1
101,24,1
102,91,1
102,5,1
102,4,1
102,156,1
102,157,1
103,158,1
103,159,1
103,160,1
104,2,1
104,92,1
104,106,1
104,17,1
105,17,1
106,30,1
106,29,1
106,16,1
105,76,1
105,17,1
105,40,1
105,11,1
105,16,1
105,161,1
105,162,1
107,163,1
107,68,1
108,17,1
16,164,1
16,165,1
4,17,1
109,41,1
110,30,1
109,41,1
109,18,1
4,17,1
111,26,1
112,15,1
113,17,1
57,107,1
57,93,1
57,22,1
57,75,1
57,23,1
57,31,1
58,2,1
58,15,1
58,0,1
114,17,1
115,75,1
115,31,1
116,75,1
21,4,1
116,75,1
0,75,1
0,32,1
117,133,1
0,63,1
0,15,1
117,27,1
0,36,1
117,27,1
117,15,1
117,57,1
0,152,1
0,122,1
0,13,1
0,68,1
117,57,1
117,70,1
118,26,1
119,26,1
120,26,1
121,57,1
121,8,1
122,27,1
122,166,1
109,22,1
123,32,1
124,69,1
124,32,1
125,11,1
126,111,1
126,5,1
126,18,1
126,118,1
126,145,1
126,67,1
126,107,1
126,167,1
126,113,1
126,104,1
126,105,1
126,84,1
126,17,1
2,145,1
2,26,1
2,37,1
127,22,1
109,22,1
128,16,1
128,63,1
128,5,1
128,28,1
58,17,1
128,40,1
128,28,1
77,161,1
77,168,1
129,17,1
58,8,1
129,75,1
129,29,1
129,5,1
129,32,1
77,34,1
77,30,1
77,84,1
77,169,1
130,16,1
95,16,1
58,125,1
131,68,1
132,138,1
132,33,1
132,161,1
132,121,1
132,170,1
132,171,1
132,106,1
132,97,1
132,142,1
132,172,1
132,172,1
132,156,1
132,173,1
133,75,1
134,32,1
135,40,1
135,24,1
135,29,1
117,87,1
117,174,1
117,174,1
29,55,1
29,175,1
29,31,1
136,176,1
136,74,1
136,30,1
136,177,1
136,48,1
136,178,1
136,113,1
136,17,1
137,4,1
137,127,1
137,47,1
137,179,1
137,141,1
138,17,1
137,30,1
137,67,1
137,75,1
137,34,1
117,180,1
137,181,1
137,51,1
137,161,1
137,121,1
137,17,1
137,102,1
117,17,1
137,163,1
137,43,1
137,144,1
137,44,1
137,8,1
137,77,1
137,102,1
137,161,1
137,171,1
137,118,1
137,162,1
137,59,1
137,29,1
137,136,1
137,111,1
137,59,1
139,68,1
139,17,1
4,85,1
140,87,1
140,182,1
140,136,1
140,59,1
140,111,1
140,29,1
140,113,1
140,10,1
140,10,1
73,104,1
73,17,1
140,87,1
73,68,1
73,8,1
140,167,1
140,18,1
140,0,1
140,2,1
73,17,1
141,131,1
142,18,1
142,102,1
142,25,1
142,104,1
142,183,1
142,84,1
142,66,1
142,80,1
142,63,1
143,30,1
68,36,1
68,5,1
68,4,1
144,53,1
144,26,1
144,125,1
144,125,1
144,26,1
132,11,1
132,155,1
145,5,1
145,75,1
105,7,1
105,26,1
146,63,1
46,85,1
127,135,1
127,183,1
127,78,1
127,46,1
127,105,1
127,175,1
127,38,1
127,84,1
31,184,1
31,81,1
127,36,1
127,79,1
127,169,1
127,81,1
127,84,1
127,84,1
127,185,1
127,84,1
141,180,1
141,131,1
127,37,1
147,186,1
147,186,1
147,96,1
141,55,1
147,27,1
147,15,1
141,48,1
148,26,1
141,23,1
148,27,1
148,8,1
31,105,1
31,41,1
149,24,1
149,75,1
149,17,1
149,17,1
149,187,1
149,38,1
149,188,1
149,66,1
149,80,1
149,188,1
16,17,1
140,26,1
140,15,1
140,57,1
140,29,1
140,63,1
148,69,1
148,189,1
150,16,1
148,17,1
150,8,1
151,63,1
152,63,1
153,160,1
153,61,1
153,96,1
153,76,1
153,28,1
153,30,1
24,16,1
55,36,1
154,69,1
154,190,1
154,50,1
126,52,1
154,69,1
126,67,1
126,118,1
126,108,1
126,98,1
126,72,1
93,23,1
155,133,1
155,125,1
155,68,1
16,191,1
16,56,1
16,192,1
16,193,1
16,184,1
16,194,1
16,195,1
16,29,1
16,17,1
16,38,1
16,185,1
156,16,1
156,40,1
156,22,1
16,53,1
16,126,1
16,125,1
16,36,1
157,61,1
158,85,1
159,36,1
159,105,1
160,17,1
160,28,1
160,24,1
16,69,1
16,69,1
160,11,1
160,40,1
160,5,1
160,29,1
160,16,1
160,30,1
160,32,1
160,63,1
160,75,1
160,22,1
160,75,1
160,23,1
160,31,1
161,144,1
71,196,1
71,188,1
71,104,1
71,47,1
71,102,1
71,95,1
71,54,1
71,31,1
71,27,1
46,8,1
71,28,1
46,2,1
71,40,1
71,30,1
46,197,1
71,16,1
71,22,1
71,75,1
147,36,1
162,69,1
135,28,1
135,11,1
135,32,1
135,22,1
135,23,1
135,31,1
135,75,1
163,36,1
163,30,1
163,17,1
163,198,1
26,4,1
26,101,1
26,199,1
161,200,1
161,201,1
161,5,1
161,30,1
164,8,1
16,105,1
16,109,1
16,202,1
16,203,1
16,17,1
16,128,1
16,117,1
16,36,1
165,106,1
16,156,1
16,37,1
16,96,1
16,76,1
20,61,1
20,204,1
20,36,1
76,36,1
166,36,1
166,37,1
166,36,1
166,69,1
166,69,1
166,37,1
166,37,1
167,179,1
166,1,1
168,37,1
168,69,1
50,190,1
169,133,1
166,69,1
166,205,1
166,206,1
166,91,1
22,17,1
138,61,1
170,8,1
170,2,1
170,37,1
170,36,1
170,26,1
170,85,1
170,106,1
171,26,1
172,36,1
172,66,1
172,36,1
173,63,1
135,29,1
132,17,1
174,84,1
174,5,1
125,8,1
125,86,1
38,49,1
78,41,1
78,41,1
78,7,1
78,48,1
78,57,1
78,17,1
78,81,1
78,175,1
78,185,1
175,84,1
175,81,1
175,140,1
175,140,1
175,140,1
175,66,1
175,141,1
175,10,1
175,97,1
175,141,1
175,115,1
175,116,1
175,61,1
176,119,1
175,207,1
176,112,1
175,208,1
176,111,1
176,29,1
176,59,1
176,96,1
176,23,1
176,62,1
176,209,1
176,93,1
176,148,1
176,210,1
176,211,1
176,145,1
177,17,1
177,31,1
177,29,1
14,63,1
178,17,1
179,69,1
179,69,1
132,17,1
68,69,1
68,17,1
68,37,1
68,69,1
68,26,1
180,8,1
180,32,1
38,64,1
181,36,1
181,98,1
181,50,1
38,30,1
38,23,1
182,74,1
182,37,1
182,36,1
38,31,1
38,17,1
38,28,1
38,5,1
38,171,1
38,51,1
38,34,1
38,33,1
38,118,1
43,40,1
76,26,1
76,17,1
183,76,1
183,96,1
183,23,1
132,17,1
132,17,1
132,85,1
132,17,1
132,17,1
132,17,1
132,17,1
132,17,1
184,18,1
184,18,1
184,41,1
144,66,1
144,140,1
144,212,1
144,140,1
144,184,1
144,22,1
144,23,1
144,31,1
144,75,1
184,213,1
185,5,1
185,31,1
145,84,1
23,57,1
132,46,1
132,26,1
132,17,1
145,66,1
32,5,1
186,1,1
186,63,1
186,32,1
187,74,1
187,30,1
187,17,1
187,85,1
187,69,1
187,14,1
187,214,1
187,36,1
48,86,1
48,80,1
48,125,1
48,28,1
48,32,1
188,48,1
188,8,1
189,30,1
189,23,1
189,87,1
128,111,1
128,136,1
128,136,1
128,29,1
128,59,1
128,111,1
128,111,1
128,111,1
128,23,1
128,130,1
128,76,1
128,96,1
128,23,1
128,36,1
174,185,1
174,15,1
174,2,1
174,17,1
190,215,1
190,37,1
190,36,1
190,174,1
190,87,1
191,91,1
191,113,1
190,174,1
190,17,1
124,36,1
124,36,1
124,33,1
124,34,1
124,52,1
124,120,1
124,177,1
124,118,1
124,176,1
124,30,1
192,41,1
192,41,1
192,173,1
192,129,1
192,105,1
192,175,1
192,46,1
192,105,1
192,5,1
40,54,1
193,36,1
194,4,1
194,76,1
194,66,1
194,32,1
195,106,1
195,141,1
195,2,1
195,41,1
195,18,1
195,177,1
195,149,1
195,216,1
195,217,1
195,184,1
195,218,1
195,113,1
195,32,1
195,32,1
196,41,1
196,1,1
127,136,1
127,29,1
127,59,1
6,75,1
6,13,1
6,219,1
6,220,1
6,193,1
6,154,1
6,13,1
6,16,1
6,145,1
6,184,1
6,220,1
6,218,1
6,113,1
6,31,1
6,16,1
197,16,1
198,22,1
199,41,1
199,15,1
199,23,1
66,69,1
66,69,1
66,106,1
66,69,1
66,37,1
66,36,1
200,8,1
201,36,1
40,96,1
40,221,1
138,32,1
138,32,1
66,69,1
138,66,1
202,218,1
202,118,1
202,205,1
202,205,1
202,91,1
6,63,1
6,17,1
6,68,1
200,0,1
200,16,1
203,37,1
74,30,1
203,75,1
187,27,1
204,222,1
204,123,1
204,177,1
204,176,1
204,35,1
204,138,1
204,34,1
204,119,1
204,30,1
204,22,1
204,6,1
204,4,1
204,36,1
204,96,1
204,223,1
204,101,1
204,214,1
204,224,1
50,2,1
50,225,1
50,225,1
50,186,1
50,226,1
50,93,1
50,227,1
50,28,1
132,131,1
132,1,1
132,23,1
205,29,1
66,94,1
66,133,1
206,8,1
206,106,1
206,31,1
206,17,1
46,17,1
207,36,1
207,37,1
208,66,1
204,32,1
175,46,1
175,17,1
13,24,1
76,2,1
209,23,1
210,111,1
70,18,1
210,114,1
12,30,1
32,40,1
74,68,1
55,201,1
74,68,1
74,8,1
74,75,1
210,160,1
210,48,1
210,15,1
210,57,1
210,0,1
210,8,1
210,2,1
210,106,1
211,133,1
212,85,1
212,69,1
212,23,1
118,26,1
212,31,1
212,17,1
56,125,1
56,173,1
56,17,1
56,31,1
56,23,1
56,75,1
56,125,1
56,60,1
56,15,1
56,1,1
56,12,1
56,94,1
59,8,1
59,5,1
59,5,1
59,125,1
59,15,1
59,60,1
59,45,1
59,61,1
59,122,1
213,8,1
213,210,1
213,197,1
213,167,1
213,113,1
214,30,1
213,28,1
214,30,1
213,11,1
214,30,1
215,36,1
132,17,1
3,111,1
175,32,1
175,30,1
175,31,1
175,22,1
76,36,1
102,8,1
102,75,1
102,5,1
216,16,1
216,215,1
216,228,1
216,100,1
180,84,1
180,84,1
50,36,1
50,36,1
217,29,1
217,16,1
217,174,1
217,17,1
217,179,1
217,81,1
217,61,1
217,62,1
218,227,1
218,182,1
218,80,1
218,40,1
218,23,1
218,1,1
218,70,1
218,2,1
218,31,1
219,37,1
219,69,1
219,36,1
127,63,1
127,229,1
127,188,1
127,188,1
127,141,1
127,10,1
127,230,1
127,231,1
127,112,1
127,225,1
127,76,1
127,78,1
127,104,1
127,84,1
127,33,1
127,138,1
127,161,1
127,162,1
127,73,1
127,35,1
127,232,1
127,75,1
127,170,1
127,30,1
127,74,1
220,17,1
220,231,1
220,8,1
220,68,1
220,31,1
220,14,1
220,229,1
220,233,1
220,234,1
220,215,1
220,235,1
220,235,1
220,236,1
220,226,1
221,36,1
222,40,1
222,32,1
223,31,1
224,36,1
224,37,1
224,36,1
225,155,1
225,113,1
225,40,1
167,229,1
226,8,1
93,23,1
227,136,1
227,37,1
227,36,1
228,36,1
228,63,1
229,125,1
230,30,1
198,63,1
231,11,1
199,36,1
158,113,1
232,136,1
232,199,1
232,202,1
232,214,1
232,237,1
232,114,1
232,36,1
232,96,1
232,96,1
233,16,1
232,169,1
232,33,1
40,31,1
180,105,1
180,84,1
103,69,1
103,69,1
103,205,1
103,48,1
103,59,1
103,32,1
234,8,1
180,238,1
235,17,1
180,104,1
145,17,1
180,84,1
145,169,1
145,144,1
145,189,1
145,67,1
236,5,1
145,171,1
236,24,1
145,11,1
236,17,1
145,188,1
145,53,1
236,17,1
145,46,1
145,48,1
145,1,1
145,26,1
42,189,1
42,189,1
42,48,1
42,17,1
219,31,1
82,4,1
82,6,1
164,17,1
237,36,1
189,17,1
118,60,1
118,166,1
118,57,1
118,27,1
18,59,1
18,111,1
18,205,1
238,32,1
164,66,1
233,145,1
233,133,1
164,23,1
164,31,1
233,239,1
233,235,1
233,11,1
233,30,1
233,32,1
233,32,1
233,0,1
233,8,1
18,240,1
18,106,1
18,70,1
18,240,1
18,141,1
18,76,1
18,130,1
239,26,1
18,1,1
18,241,1
18,242,1
18,243,1
18,45,1
18,244,1
18,151,1
18,149,1
18,192,1
240,48,1
18,210,1
18,154,1
18,167,1
18,184,1
18,69,1
18,69,1
18,85,1
167,166,1
18,36,1
167,15,1
138,15,1
167,63,1
167,32,1
18,36,1
241,36,1
242,22,1
242,28,1
242,40,1
242,32,1
243,15,1
243,23,1
243,31,1
243,31,1
243,31,1
243,31,1
243,31,1
243,31,1
218,22,1
218,11,1
218,75,1
138,17,1
138,17,1
138,30,1
138,50,1
138,5,1
138,29,1
138,17,1
138,29,1
244,17,1
244,16,1
245,72,1
245,202,1
245,214,1
245,101,1
245,40,1
245,126,1
245,53,1
245,179,1
245,26,1
245,160,1
245,66,1
245,36,1
245,106,1
245,85,1
245,17,1
65,1,1
65,115,1
46,49,1
183,28,1
183,40,1
183,32,1
65,59,1
65,29,1
65,59,1
65,29,1
65,136,1
65,29,1
65,22,1
246,183,1
246,102,1
246,38,1
246,40,1
246,22,1
246,23,1
246,31,1
246,75,1
46,57,1
46,179,1
46,125,1
46,125,1
46,17,1
247,50,1
246,36,1
247,106,1
247,17,1
247,201,1
247,198,1
247,94,1
246,245,1
246,137,1
248,167,1
246,12,1
246,75,1
248,246,1
246,133,1
246,27,1
246,30,1
248,69,1
248,17,1
246,75,1
248,49,1
248,41,1
248,166,1
248,135,1
248,25,1
248,23,1
248,130,1
248,76,1
249,160,1
249,140,1
249,158,1
4,68,1
248,247,1
248,248,1
69,249,1
246,81,1
246,94,1
246,66,1
69,250,1
246,87,1
246,38,1
246,66,1
233,251,1
69,250,1
246,137,1
246,224,1
246,98,1
246,29,1
246,59,1
246,8,1
246,59,1
246,29,1
246,30,1
4,100,1
132,29,1
132,17,1
4,252,1
132,17,1
4,231,1
132,125,1
4,170,1
4,142,1
246,68,1
246,68,1
138,250,1
143,41,1
213,100,1
213,30,1
213,17,1
138,17,1
138,32,1
250,17,1
250,25,1
250,25,1
250,17,1
93,253,1
93,23,1
93,23,1
93,184,1
93,30,1
93,23,1
2,36,1
157,63,1
50,47,1
50,41,1
50,17,1
50,69,1
50,17,1
50,254,1
50,255,1
50,169,1
251,36,1
251,17,1
42,95,1
42,22,1
252,22,1
252,23,1
252,17,1
252,29,1
252,28,1
252,63,1
252,31,1
132,76,1
132,102,1
132,38,1
132,105,1
132,46,1
132,84,1
127,25,1
127,8,1
127,2,1
253,61,1
253,145,1
14,17,1
254,85,1
254,106,1
254,17,1
254,23,1
254,23,1
254,22,1
255,69,1
256,102,1
256,81,1
257,29,1
258,17,1
258,31,1
258,75,1
43,30,1
228,31,1
259,8,1
21,32,1
246,16,1
246,0,1
44,1,1
44,30,1
44,32,1
169,107,1
169,16,1
226,106,1
132,183,1
132,25,1
132,46,1
260,32,1
261,75,1
261,23,1
261,31,1
84,2,1
84,1,1
84,15,1
84,2,1
84,125,1
84,28,1
84,30,1
84,75,1
84,23,1
84,17,1
262,75,1
4,32,1
262,204,1
4,204,1
262,204,1
4,204,1
58,15,1
64,188,1
126,30,1
64,125,1
126,105,1
126,175,1
126,105,1
210,1,1
210,116,1
210,61,1
210,214,1
210,190,1
210,98,1
210,72,1
210,23,1
210,96,1
210,76,1
210,17,1
210,106,1
263,160,1
264,31,1
265,30,1
265,31,1
4,22,1
138,40,1
138,40,1
266,31,1
266,78,1
266,23,1
266,75,1
262,29,1
138,40,1
138,63,1
262,28,1
138,184,1
138,184,1
138,117,1
138,63,1
4,198,1
267,69,1
267,17,1
238,68,1
138,29,1
180,26,1
76,160,1
46,125,1
58,125,1
138,15,1
4,127,1
4,17,1
238,8,1
181,15,1
58,68,1
181,17,1
58,166,1
12,30,1
123,198,1
123,6,1
123,47,1
123,32,1
84,17,1
84,69,1
185,27,1
254,30,1
254,165,1
183,26,1
254,23,1
126,113,1
145,213,1
268,106,1
268,149,1
145,105,1
268,197,1
12,132,1
12,93,1
145,72,1
145,135,1
268,184,1
145,49,1
268,49,1
138,133,1
268,1,1
138,26,1
268,57,1
268,15,1
268,68,1
268,68,1
268,68,1
268,68,1
138,60,1
268,70,1
268,106,1
268,256,1
138,0,1
268,243,1
268,257,1
268,258,1
268,259,1
268,260,1
268,60,1
268,253,1
268,111,1
268,27,1
268,261,1
268,191,1
268,204,1
268,43,1
32,30,1
268,197,1
268,2,1
138,68,1
268,92,1
254,23,1
254,26,1
254,15,1
144,30,1
144,32,1
176,184,1
176,113,1
176,23,1
58,17,1
58,17,1
138,125,1
269,36,1
269,17,1
106,16,1
106,5,1
213,22,1
213,23,1
213,75,1
213,31,1
213,32,1
88,262,1
20,61,1
270,17,1
270,59,1
270,17,1
271,29,1
272,31,1
40,23,1
183,93,1
183,263,1
183,154,1
183,167,1
183,167,1
183,195,1
183,109,1
183,113,1
183,30,1
183,75,1
249,26,1
249,68,1
218,32,1
218,166,1
218,261,1
218,255,1
218,264,1
218,154,1
218,11,1
218,44,1
218,10,1
218,222,1
218,235,1
218,2,1
218,18,1
218,126,1
218,36,1
273,44,1
274,36,1
274,93,1
274,246,1
274,167,1
275,81,1
275,27,1
275,214,1
275,190,1
275,72,1
275,50,1
275,52,1
275,171,1
145,52,1
145,169,1
145,33,1
276,5,1
276,18,1
276,18,1
276,130,1
276,76,1
145,105,1
145,59,1
145,104,1
145,46,1
145,17,1
145,49,1
145,54,1
145,81,1
145,81,1
145,25,1
145,27,1
145,29,1
145,30,1
145,22,1
145,75,1
145,75,1
145,23,1
145,31,1
42,26,1
277,85,1
145,29,1
278,62,1
278,69,1
279,72,1
279,63,1
279,17,1
279,48,1
279,70,1
279,2,1
189,2,1
102,31,1
102,17,1
189,125,1
189,8,1
279,8,1
279,111,1
279,36,1
279,225,1
102,26,1
102,15,1
102,23,1
279,212,1
279,145,1
279,30,1
151,28,1
151,5,1
151,30,1
151,63,1
151,32,1
102,36,1
102,36,1
280,23,1
85,24,1
85,63,1
85,40,1
85,63,1
85,30,1
103,16,1
103,31,1
103,75,1
103,29,1
103,11,1
103,84,1
103,185,1
103,135,1
103,217,1
103,107,1
103,55,1
103,255,1
103,7,1
103,137,1
103,34,1
102,8,1
102,2,1
102,28,1
102,63,1
102,32,1
281,103,1
281,79,1
281,78,1
281,157,1
281,252,1
281,96,1
281,76,1
281,59,1
281,4,1
281,265,1
281,161,1
281,73,1
281,74,1
281,145,1
281,177,1
281,225,1
281,222,1
281,222,1
281,18,1
282,17,1
282,10,1
282,177,1
282,30,1
281,70,1
281,60,1
277,32,1
281,70,1
281,70,1
281,60,1
281,60,1
281,1,1
281,24,1
281,28,1
281,5,1
281,29,1
281,30,1
281,63,1
281,32,1
281,22,1
281,75,1
281,17,1
281,23,1
281,31,1
277,11,1
236,17,1
277,166,1
277,166,1
283,103,1
284,184,1
85,63,1
85,63,1
85,32,1
85,40,1
285,37,1
285,69,1
285,69,1
285,69,1
286,125,1
111,266,1
65,23,1
65,23,1
65,75,1
65,75,1
65,23,1
65,31,1
65,22,1
65,23,1
65,75,1
287,40,1
287,127,1
287,5,1
287,141,1
287,139,1
287,160,1
65,100,1
65,160,1
65,160,1
65,31,1
180,17,1
101,5,1
27,17,1
27,75,1
287,107,1
287,17,1
287,46,1
287,69,1
287,41,1
287,36,1
287,116,1
287,114,1
287,61,1
287,1,1
138,179,1
42,32,1
263,10,1
263,267,1
263,5,1
263,32,1
42,30,1
138,11,1
138,16,1
138,30,1
138,63,1
138,32,1
138,63,1
138,98,1
138,40,1
138,63,1
138,111,1
138,25,1
138,63,1
138,2,1
138,27,1
138,63,1
138,63,1
138,57,1
138,22,1
218,29,1
218,22,1
218,31,1
218,23,1
126,107,1
126,109,1
126,220,1
126,63,1
126,68,1
127,105,1
127,84,1
138,31,1
127,268,1
127,230,1
127,140,1
127,140,1
127,159,1
127,135,1
127,46,1
127,41,1
127,60,1
127,269,1
127,237,1
127,270,1
127,224,1
127,108,1
127,49,1
127,190,1
127,228,1
127,72,1
127,98,1
127,138,1
127,34,1
127,52,1
127,121,1
127,245,1
127,7,1
127,47,1
127,127,1
127,31,1
127,28,1
127,40,1
127,5,1
127,17,1
288,93,1
288,44,1
288,188,1
288,104,1
288,17,1
288,204,1
288,66,1
288,25,1
288,166,1
288,26,1
288,15,1
288,32,1
288,75,1
288,63,1
288,5,1
289,8,1
1,63,1
79,5,1
4,248,1
4,32,1
4,248,1
12,66,1
4,17,1
4,17,1
4,32,1
288,5,1
248,248,1
248,129,1
248,75,1
248,11,1
248,30,1
248,22,1
288,17,1
248,23,1
248,31,1
288,5,1
4,63,1
4,32,1
4,10,1
71,16,1
71,227,1
199,7,1
199,177,1
199,30,1
199,100,1
199,100,1
199,75,1
199,28,1
199,22,1
199,23,1
199,32,1
199,30,1
199,30,1
290,15,1
276,31,1
276,22,1
276,22,1
276,23,1
276,31,1
276,75,1
71,227,1
71,93,1
50,190,1
50,53,1
50,271,1
50,93,1
50,272,1
59,2,1
50,261,1
50,151,1
59,157,1
59,70,1
59,63,1
5,17,1
59,36,1
59,203,1
71,270,1
59,80,1
50,30,1
71,270,1
71,214,1
71,4,1
71,5,1
71,188,1
71,66,1
275,31,1
71,160,1
71,188,1
244,32,1
71,270,1
71,228,1
71,72,1
71,98,1
71,96,1
71,76,1
71,76,1
71,37,1
71,36,1
71,59,1
71,136,1
244,5,1
244,5,1
244,32,1
244,32,1
244,22,1
291,273,1
291,116,1
291,178,1
291,25,1
291,46,1
291,62,1
291,55,1
291,218,1
291,145,1
291,274,1
291,159,1
291,275,1
291,143,1
291,146,1
291,99,1
291,165,1
291,141,1
291,175,1
291,109,1
291,276,1
262,0,1
292,17,1
96,63,1
4,75,1
276,141,1
138,32,1
276,30,1
276,32,1
138,63,1
4,32,1
4,63,1
138,63,1
138,32,1
4,32,1
4,63,1
4,32,1
138,277,1
293,69,1
293,36,1
293,37,1
115,107,1
115,13,1
115,41,1
115,30,1
262,69,1
262,133,1
262,66,1
169,2,1
169,59,1
135,11,1
135,22,1
135,22,1
135,31,1
294,17,1
294,106,1
294,46,1
244,31,1
244,28,1
244,29,1
244,30,1
135,30,1
295,176,1
295,278,1
295,30,1
295,135,1
295,84,1
295,40,1
296,0,1
296,125,1
297,85,1
21,240,1
21,106,1
21,231,1
21,30,1
298,23,1
298,17,1
84,36,1
84,36,1
84,37,1
299,26,1
299,17,1
174,31,1
174,57,1
135,17,1
135,23,1
135,204,1
135,22,1
135,75,1
135,31,1
135,31,1
135,17,1
300,101,1
300,49,1
300,108,1
71,81,1
71,66,1
301,38,1
301,66,1
301,44,1
301,197,1
301,17,1
196,66,1
277,16,1
302,1,1
302,23,1
303,16,1
304,75,1
304,235,1
277,57,1
277,27,1
305,17,1
277,68,1
277,17,1
277,8,1
277,125,1
277,125,1
277,138,1
277,118,1
303,17,1
277,7,1
306,92,1
277,118,1
54,69,1
54,69,1
32,23,1
277,145,1
277,30,1
277,5,1
277,31,1
307,8,1
308,48,1
308,48,1
309,204,1
310,15,1
308,67,1
308,17,1
308,67,1
56,2,1
308,67,1
308,11,1
311,59,1
311,136,1
311,59,1
311,23,1
311,29,1
127,38,1
127,106,1
127,17,1
127,167,1
127,80,1
127,228,1
127,101,1
127,214,1
127,202,1
127,269,1
312,27,1
312,11,1
312,29,1
312,31,1
312,23,1
290,17,1
290,16,1
290,17,1
127,279,1
127,43,1
127,218,1
127,77,1
127,185,1
127,84,1
127,103,1
127,15,1
127,8,1
82,81,1
82,17,1
82,17,1
309,57,1
309,31,1
309,31,1
309,17,1
144,160,1
144,141,1
262,30,1
313,188,1
313,28,1
262,30,1
314,36,1
315,40,1
315,31,1
316,25,1
316,17,1
225,166,1
12,144,1
12,211,1
12,16,1
317,76,1
317,228,1
317,237,1
317,72,1
317,98,1
317,190,1
317,98,1
318,114,1
127,280,1
127,279,1
127,75,1
127,232,1
127,171,1
127,137,1
127,30,1
127,31,1
319,17,1
37,211,1
37,11,1
58,17,1
58,17,1
262,29,1
262,17,1
262,17,1
262,17,1
127,194,1
127,281,1
127,43,1
127,44,1
127,66,1
127,185,1
127,85,1
127,72,1
127,282,1
58,137,1
58,118,1
58,145,1
58,145,1
127,252,1
127,268,1
127,102,1
127,46,1
127,105,1
127,70,1
4,40,1
4,30,1
4,30,1
320,75,1
320,23,1
320,187,1
320,188,1
320,38,1
320,81,1
127,17,1
199,22,1
264,28,1
264,37,1
264,29,1
264,22,1
262,66,1
264,5,1
262,23,1
213,182,1
213,283,1
213,88,1
213,81,1
127,36,1
127,36,1
127,5,1
58,17,1
317,100,1
317,6,1
317,4,1
317,111,1
317,59,1
317,29,1
317,136,1
317,101,1
317,190,1
317,69,1
317,69,1
317,69,1
317,57,1
4,22,1
4,235,1
138,22,1
321,253,1
56,235,1
322,69,1
322,93,1
322,198,1
85,1,1
85,40,1
323,31,1
324,11,1
307,166,1
186,75,1
186,23,1
321,284,1
321,285,1
321,13,1
321,16,1
321,286,1
325,15,1
325,119,1
326,40,1
268,122,1
268,94,1
268,27,1
268,15,1
327,41,1
327,8,1
327,37,1
327,69,1
327,17,1
327,85,1
327,160,1
327,122,1
327,18,1
221,75,1
221,75,1
221,31,1
323,74,1
323,145,1
328,36,1
328,23,1
328,76,1
328,59,1
328,4,1
328,274,1
196,15,1
196,240,1
329,36,1
54,2,1
54,158,1
54,210,1
54,11,1
54,107,1
54,286,1
54,220,1
54,116,1
54,33,1
54,34,1
54,73,1
54,145,1
54,5,1
54,17,1
54,16,1
54,31,1
330,81,1
330,17,1
330,31,1
252,36,1
309,236,1
309,122,1
309,233,1
309,14,1
309,41,1
309,18,1
37,16,1
331,29,1
260,142,1
260,97,1
260,97,1
260,252,1
260,93,1
260,246,1
260,167,1
260,93,1
260,178,1
260,225,1
260,41,1
260,215,1
260,233,1
260,96,1
260,204,1
263,17,1
332,136,1
263,75,1
263,31,1
263,40,1
332,37,1
263,17,1
332,36,1
199,101,1
199,214,1
199,237,1
199,228,1
199,98,1
241,16,1
199,36,1
199,4,1
199,6,1
199,100,1
199,29,1
309,226,1
199,16,1
199,22,1
333,11,1
333,17,1
333,75,1
190,36,1
334,16,1
335,16,1
335,75,1
335,31,1
335,23,1
335,48,1
335,189,1
335,116,1
335,1,1
134,125,1
134,16,1
134,11,1
44,75,1
44,22,1
44,75,1
44,23,1
50,119,1
50,36,1
50,226,1
50,37,1
50,186,1
50,129,1
50,44,1
50,57,1
309,226,1
51,75,1
51,75,1
174,17,1
51,75,1
51,31,1
174,23,1
174,235,1
336,17,1
337,17,1
32,22,1
32,75,1
32,23,1
338,26,1
275,40,1
4,31,1
4,165,1
264,36,1
4,219,1
339,36,1
175,62,1
175,41,1
175,26,1
288,69,1
309,226,1
309,233,1
309,14,1
309,226,1
309,18,1
309,75,1
309,23,1
309,31,1
50,115,1
50,114,1
50,116,1
50,91,1
50,36,1
50,17,1
199,54,1
199,15,1
199,23,1
199,67,1
199,29,1
69,68,1
53,36,1
53,111,1
53,136,1
180,68,1
71,17,1
180,287,1
56,69,1
340,188,1
56,85,1
340,67,1
340,204,1
340,28,1
340,24,1
340,11,1
340,40,1
340,235,1
340,29,1
340,16,1
340,22,1
340,75,1
340,75,1
341,17,1
340,23,1
340,31,1
340,17,1
340,15,1
340,8,1
340,66,1
340,25,1
342,125,1
342,125,1
342,2,1
204,46,1
343,136,1
343,29,1
343,59,1
343,48,1
343,16,1
343,23,1
343,31,1
343,17,1
204,41,1
204,1,1
204,26,1
204,60,1
204,166,1
204,2,1
204,16,1
204,23,1
12,75,1
204,11,1
12,23,1
12,36,1
58,2,1
71,26,1
344,31,1
175,23,1
9,11,1
345,75,1
57,16,1
57,16,1
175,23,1
175,23,1
288,27,1
288,167,1
288,69,1
288,136,1
288,29,1
288,59,1
288,5,1
288,4,1
288,233,1
288,145,1
288,159,1
288,106,1
288,81,1
288,49,1
58,274,1
196,75,1
71,240,1
57,31,1
57,23,1
57,22,1
57,75,1
103,173,1
103,240,1
103,157,1
103,223,1
103,288,1
103,129,1
103,172,1
103,141,1
103,289,1
103,97,1
257,36,1
346,75,1
141,5,1
141,11,1
71,25,1
71,68,1
71,121,1
71,75,1
71,51,1
71,171,1
71,118,1
71,33,1
71,33,1
71,121,1
71,193,1
71,55,1
71,155,1
71,145,1
71,217,1
71,217,1
71,159,1
71,17,1
71,160,1
71,160,1
71,105,1
71,102,1
71,66,1
71,40,1
71,47,1
71,53,1
71,69,1
326,211,1
326,106,1
326,17,1
326,175,1
326,66,1
326,80,1
326,185,1
326,34,1
326,37,1
326,36,1
167,75,1
71,17,1
71,26,1
71,48,1
71,8,1
71,75,1
167,66,1
167,41,1
167,166,1
167,57,1
185,36,1
71,49,1
71,72,1
185,31,1
347,144,1
347,192,1
347,150,1
347,22,1
347,12,1
347,54,1
347,94,1
347,62,1
347,27,1
347,23,1
151,80,1
305,15,1
305,240,1
305,93,1
305,87,1
229,84,1
229,67,1
213,101,1
213,86,1
213,185,1
213,17,1
15,59,1
15,75,1
79,29,1
237,17,1
238,270,1
238,49,1
238,31,1
347,16,1
347,1,1
347,96,1
347,23,1
347,223,1
347,129,1
347,290,1
347,23,1
347,72,1
180,38,1
93,22,1
348,51,1
348,168,1
348,291,1
348,161,1
348,73,1
348,102,1
348,75,1
348,23,1
348,31,1
349,17,1
349,17,1
179,69,1
179,69,1
179,69,1
12,179,1
12,72,1
12,23,1
288,17,1
288,81,1
12,38,1
288,62,1
12,75,1
288,2,1
85,22,1
85,5,1
53,31,1
53,166,1
53,16,1
350,36,1
288,17,1
288,22,1
350,204,1
350,5,1
350,181,1
350,245,1
350,7,1
350,118,1
351,28,1
351,67,1
350,74,1
352,196,1
174,69,1
347,60,1
347,240,1
353,48,1
353,26,1
353,27,1
353,125,1
353,36,1
353,203,1
353,117,1
353,149,1
353,145,1
353,76,1
353,132,1
354,36,1
204,106,1
204,48,1
355,59,1
355,94,1
355,26,1
356,219,1
357,8,1
358,31,1
358,22,1
358,75,1
342,17,1
342,92,1
359,5,1
360,182,1
360,180,1
360,180,1
361,23,1
28,240,1
28,24,1
28,11,1
28,22,1
28,23,1
28,75,1
50,17,1
362,235,1
93,22,1
93,23,1
93,22,1
93,75,1
93,23,1
93,31,1
358,23,1
358,31,1
101,11,1
101,40,1
101,22,1
101,75,1
101,23,1
167,66,1
167,66,1
167,66,1
167,31,1
167,75,1
167,23,1
167,66,1
348,17,1
326,57,1
326,69,1
326,16,1
326,69,1
326,292,1
326,262,1
363,49,1
364,75,1
363,48,1
363,1,1
363,66,1
363,102,1
54,36,1
232,41,1
232,41,1
288,15,1
365,17,1
54,145,1
54,37,1
54,158,1
54,267,1
54,16,1
54,15,1
366,63,1
29,244,1
29,150,1
29,229,1
29,237,1
29,98,1
177,76,1
177,136,1
177,29,1
29,204,1
177,59,1
367,25,1
177,231,1
177,293,1
177,173,1
177,129,1
177,75,1
232,114,1
232,23,1
232,96,1
125,85,1
125,37,1
305,23,1
216,68,1
216,17,1
216,85,1
368,17,1
368,17,1
260,41,1
260,67,1
260,31,1
260,23,1
369,165,1
369,41,1
40,23,1
40,31,1
370,93,1
370,227,1
370,86,1
370,80,1
370,161,1
370,33,1
370,34,1
370,119,1
370,118,1
370,203,1
370,117,1
370,207,1
370,109,1
370,203,1
370,75,1
370,17,1
142,66,1
352,17,1
352,160,1
371,23,1
333,75,1
333,23,1
372,23,1
373,66,1
374,40,1
244,67,1
374,22,1
374,16,1
374,23,1
244,31,1
244,23,1
244,17,1
24,69,1
24,37,1
24,26,1
24,17,1
375,109,1
375,159,1
375,17,1
375,106,1
375,23,1
375,24,1
375,40,1
375,29,1
375,204,1
375,23,1
375,23,1
375,75,1
375,46,1
375,66,1
372,25,1
372,203,1
372,164,1
372,109,1
372,271,1
372,117,1
372,281,1
372,23,1
263,38,1
263,175,1
263,104,1
263,38,1
263,66,1
263,17,1
245,16,1
245,75,1
245,23,1
245,67,1
245,17,1
376,176,1
376,7,1
376,106,1
376,23,1
376,24,1
376,38,1
376,188,1
376,118,1
376,33,1
376,168,1
376,51,1
376,34,1
376,33,1
47,17,1
47,17,1
47,5,1
47,2,1
47,239,1
275,16,1
275,16,1
275,48,1
12,23,1
12,167,1
377,31,1
378,80,1
378,93,1
378,144,1
378,210,1
378,13,1
378,44,1
378,217,1
378,217,1
378,135,1
378,79,1
378,80,1
378,38,1
378,84,1
378,66,1
244,135,1
244,144,1
244,149,1
244,255,1
244,193,1
244,281,1
244,5,1
244,29,1
244,17,1
263,8,1
353,25,1
353,179,1
353,32,1
353,125,1
353,26,1
353,98,1
353,49,1
353,85,1
353,37,1
353,17,1
353,109,1
353,210,1
353,149,1
353,144,1
353,27,1
353,164,1
353,274,1
353,261,1
353,203,1
353,221,1
234,75,1
234,24,1
234,23,1
234,31,1
58,22,1
153,29,1
138,29,1
138,40,1
138,31,1
138,23,1
138,31,1
138,159,1
138,188,1
138,31,1
379,4,1
379,5,1
138,66,1
379,214,1
379,202,1
138,160,1
380,203,1
380,109,1
379,23,1
380,114,1
138,75,1
381,47,1
382,31,1
382,23,1
381,17,1
85,23,1
85,75,1
138,22,1
383,29,1
383,23,1
383,75,1
383,11,1
383,147,1
383,27,1
58,240,1
58,68,1
58,16,1
384,18,1
384,41,1
384,229,1
384,18,1
384,18,1
384,79,1
384,169,1
356,11,1
356,11,1
307,214,1
307,214,1
307,108,1
307,72,1
307,4,1
307,23,1
307,5,1
385,17,1
28,75,1
386,197,1
386,69,1
386,29,1
386,111,1
386,4,1
386,121,1
386,119,1
138,2,1
307,166,1
307,166,1
50,203,1
50,294,1
50,155,1
307,166,1
307,68,1
307,92,1
307,100,1
307,4,1
307,44,1
58,111,1
58,70,1
58,187,1
138,15,1
138,240,1
90,16,1
58,17,1
138,15,1
138,68,1
138,2,1
138,2,1
138,68,1
90,16,1
133,6,1
133,5,1
133,4,1
133,100,1
175,158,1
175,107,1
175,49,1
387,4,1
387,5,1
387,100,1
387,17,1
387,17,1
221,229,1
221,18,1
221,41,1
48,257,1
48,294,1
48,109,1
48,191,1
48,254,1
48,255,1
48,55,1
48,13,1
48,295,1
48,81,1
242,204,1
242,11,1
242,11,1
242,16,1
242,187,1
242,212,1
123,36,1
123,36,1
388,44,1
388,179,1
388,12,1
388,41,1
388,294,1
388,148,1
388,296,1
389,6,1
389,5,1
388,80,1
388,175,1
388,66,1
388,84,1
388,102,1
388,36,1
388,5,1
388,145,1
390,5,1
391,175,1
134,217,1
307,235,1
224,68,1
224,17,1
224,49,1
224,72,1
224,98,1
224,92,1
224,92,1
224,239,1
392,2,1
224,145,1
224,17,1
224,17,1
393,17,1
55,38,1
336,36,1
336,17,1
288,237,1
288,98,1
288,187,1
288,188,1
288,136,1
288,66,1
55,105,1
55,135,1
55,66,1
55,118,1
55,145,1
55,145,1
55,101,1
55,49,1
55,38,1
55,187,1
55,17,1
85,235,1
85,188,1
85,5,1
85,5,1
90,86,1
90,165,1
394,37,1
394,85,1
361,96,1
361,23,1
361,96,1
361,141,1
361,230,1
361,17,1
361,105,1
361,36,1
242,36,1
395,187,1
395,17,1
373,29,1
373,222,1
373,235,1
350,11,1
375,148,1
375,16,1
375,144,1
375,63,1
375,60,1
375,150,1
375,209,1
375,257,1
24,36,1
396,105,1
333,16,1
333,16,1
397,297,1
397,38,1
397,244,1
397,76,1
397,44,1
397,15,1
397,187,1
397,212,1
397,38,1
397,46,1
397,77,1
397,80,1
397,169,1
397,135,1
397,84,1
397,84,1
397,107,1
398,188,1
281,29,1
396,235,1
396,212,1
396,17,1
133,37,1
133,37,1
133,36,1
248,212,1
248,187,1
133,100,1
133,106,1
399,145,1
399,33,1
399,34,1
399,232,1
399,118,1
375,8,1
399,145,1
399,33,1
399,87,1
399,102,1
21,107,1
399,66,1
21,17,1
399,156,1
399,40,1
399,72,1
399,72,1
399,6,1
399,100,1
399,5,1
399,4,1
399,100,1
399,13,1
399,165,1
399,57,1
399,100,1
399,240,1
283,145,1
283,102,1
283,135,1
399,8,1
283,16,1
396,68,1
396,25,1
400,38,1
284,36,1
400,188,1
396,8,1
396,14,1
396,18,1
396,212,1
396,29,1
401,17,1
402,26,1
402,26,1
400,125,1
400,180,1
400,96,1
400,101,1
400,202,1
400,98,1
387,69,1
387,85,1
387,69,1
387,240,1
387,69,1
346,104,1
346,104,1
346,100,1
93,227,1
43,26,1
43,269,1
43,101,1
43,72,1
174,125,1
174,68,1
43,38,1
43,188,1
43,187,1
43,17,1
345,221,1
345,197,1
345,109,1
345,294,1
254,13,1
254,2,1
254,5,1
254,124,1
254,92,1
254,18,1
403,102,1
403,179,1
403,12,1
403,11,1
404,231,1
404,156,1
404,38,1
404,17,1
405,187,1
405,17,1
406,204,1
237,36,1
237,37,1
237,36,1
58,11,1
259,36,1
407,187,1
407,188,1
407,212,1
407,133,1
407,204,1
407,204,1
407,135,1
354,69,1
43,17,1
408,187,1
43,37,1
43,36,1
43,36,1
43,36,1
175,91,1
175,37,1
175,36,1
175,23,1
138,217,1
175,76,1
175,130,1
175,96,1
175,172,1
138,96,1
175,141,1
175,6,1
43,125,1
175,67,1
138,23,1
138,23,1
138,76,1
138,76,1
138,96,1
288,98,1
288,49,1
288,66,1
125,67,1
288,8,1
288,160,1
288,17,1
138,76,1
58,188,1
288,15,1
288,17,1
288,29,1
288,29,1
409,17,1
409,38,1
409,36,1
44,5,1
62,0,1
62,283,1
135,235,1
135,29,1
135,59,1
135,111,1
410,188,1
410,188,1
410,187,1
410,212,1
410,17,1
135,106,1
135,38,1
135,2,1
135,125,1
135,41,1
135,41,1
400,38,1
400,67,1
400,24,1
400,11,1
400,29,1
135,1,1
135,48,1
411,160,1
411,17,1
411,187,1
411,212,1
411,40,1
411,235,1
411,29,1
411,36,1
175,24,1
175,24,1
175,28,1
269,155,1
373,49,1
373,54,1
373,165,1
373,48,1
373,17,1
373,187,1
269,147,1
269,281,1
269,217,1
400,76,1
400,210,1
400,17,1
400,212,1
400,5,1
412,234,1
412,66,1
55,36,1
412,46,1
412,104,1
412,38,1
55,36,1
55,37,1
55,36,1
55,36,1
55,37,1
228,122,1
228,229,1
228,28,1
228,188,1
4,217,1
228,24,1
228,16,1
228,212,1
228,145,1
228,34,1
4,217,1
413,17,1
296,125,1
296,125,1
296,125,1
296,53,1
296,125,1
296,125,1
414,169,1
414,104,1
414,103,1
415,11,1
389,211,1
389,210,1
389,115,1
389,26,1
389,17,1
416,105,1
416,66,1
416,106,1
416,17,1
53,28,1
417,47,1
417,5,1
268,204,1
268,140,1
268,68,1
268,255,1
268,254,1
268,240,1
268,106,1
268,223,1
268,298,1
418,17,1
418,17,1
419,40,1
196,15,1
296,69,1
218,76,1
218,188,1
260,16,1
260,70,1
260,235,1
420,69,1
420,17,1
421,8,1
49,187,1
49,16,1
421,68,1
421,29,1
421,16,1
421,27,1
421,81,1
422,5,1
422,179,1
422,2,1
422,259,1
422,203,1
423,206,1
423,48,1
177,165,1
424,24,1
203,59,1
203,29,1
203,136,1
203,111,1
203,119,1
203,118,1
203,176,1
203,278,1
203,119,1
203,6,1
203,100,1
203,4,1
203,294,1
424,17,1
424,66,1
221,230,1
221,267,1
221,230,1
221,202,1
221,72,1
203,145,1
221,284,1
221,44,1
221,204,1
221,102,1
221,38,1
221,17,1
221,17,1
221,139,1
221,158,1
221,51,1
221,173,1
221,141,1
167,66,1
167,26,1
19,283,1
19,17,1
95,17,1
144,66,1
344,11,1
344,66,1
425,17,1
425,187,1
406,13,1
426,48,1
426,15,1
426,67,1
427,109,1
427,174,1
177,36,1
427,86,1
177,38,1
427,283,1
177,5,1
427,270,1
259,69,1
428,16,1
58,38,1
262,17,1
167,44,1
167,281,1
167,218,1
167,145,1
58,240,1
167,84,1
167,185,1
167,77,1
429,16,1
429,212,1
429,212,1
93,174,1
93,187,1
4,212,1
4,38,1
58,212,1
58,212,1
58,212,1
262,130,1
262,76,1
58,212,1
58,212,1
58,212,1
58,212,1
296,36,1
296,179,1
296,145,1
58,8,1
58,212,1
58,212,1
58,212,1
58,212,1
58,212,1
58,212,1
260,188,1
260,187,1
58,212,1
58,212,1
58,212,1
58,212,1
58,212,1
58,212,1
58,212,1
58,212,1
58,212,1
58,212,1
58,212,1
58,29,1
58,29,1
58,212,1
58,29,1
58,212,1
58,212,1
58,212,1
58,188,1
58,29,1
58,29,1
58,212,1
58,29,1
58,29,1
58,29,1
58,29,1
58,29,1
58,29,1
58,29,1
58,29,1
58,29,1
58,29,1
4,29,1
58,29,1
12,147,1
58,29,1
58,29,1
58,29,1
115,118,1
58,29,1
115,194,1
158,36,1
58,29,1
58,16,1
58,212,1
58,187,1
430,11,1
431,240,1
431,17,1
431,106,1
431,17,1
431,212,1
192,5,1
192,235,1
58,11,1
427,86,1
58,17,1
58,188,1
432,37,1
432,36,1
432,130,1
432,76,1
432,29,1
95,187,1
95,212,1
95,16,1
275,17,1
300,5,1
300,76,1
433,67,1
433,16,1
433,187,1
433,17,1
434,72,1
434,72,1
434,69,1
434,114,1
434,207,1
434,205,1
434,69,1
435,8,1
435,204,1
435,188,1
435,212,1
435,34,1
435,119,1
435,214,1
435,198,1
436,166,1
436,60,1
436,27,1
436,240,1
434,17,1
434,37,1
300,36,1
58,27,1
58,57,1
58,27,1
58,27,1
58,27,1
58,68,1
58,240,1
437,48,1
437,167,1
437,47,1
12,67,1
144,125,1
144,0,1
234,17,1
234,38,1
234,187,1
2,36,1
141,180,1
144,237,1
144,49,1
144,101,1
144,202,1
144,115,1
144,203,1
144,109,1
144,59,1
144,29,1
144,111,1
144,136,1
144,76,1
70,66,1
438,51,1
438,119,1
438,38,1
439,76,1
438,49,1
438,100,1
438,202,1
439,2,1
438,72,1
438,98,1
439,102,1
438,49,1
439,81,1
439,84,1
438,74,1
439,81,1
438,145,1
438,145,1
438,171,1
438,145,1
438,73,1
438,34,1
438,222,1
438,245,1
438,106,1
438,106,1
438,17,1
438,159,1
438,36,1
438,36,1
153,230,1
153,167,1
153,15,1
3,111,1
3,34,1
3,118,1
3,116,1
3,43,1
5,36,1
176,28,1
3,204,1
176,5,1
3,188,1
3,38,1
305,8,1
440,175,1
203,37,1
203,85,1
203,69,1
203,69,1
203,37,1
203,69,1
45,66,1
203,69,1
45,100,1
45,6,1
45,211,1
45,109,1
3,11,1
56,187,1
209,17,1
209,17,1
209,106,1
441,17,1
442,160,1
174,17,1
174,17,1
443,188,1
426,29,1
84,26,1
84,57,1
102,239,1
102,24,1
102,229,1
444,36,1
444,36,1
444,36,1
45,103,1
45,85,1
45,103,1
45,38,1
70,137,1
70,61,1
445,102,1
445,169,1
445,219,1
445,155,1
445,145,1
445,281,1
445,194,1
445,5,1
445,187,1
445,212,1
445,17,1
445,28,1
50,17,1
50,269,1
50,130,1
50,236,1
50,207,1
446,197,1
446,145,1
446,11,1
157,187,1
284,8,1
442,188,1
442,38,1
442,17,1
284,36,1
157,17,1
442,36,1
328,36,1
153,66,1
266,81,1
266,84,1
266,86,1
269,2,1
368,17,1
178,212,1
447,117,1
447,116,1
447,17,1
447,17,1
448,17,1
449,69,1
449,69,1
58,38,1
234,17,1
234,38,1
234,187,1
58,17,1
213,29,1
213,59,1
213,116,1
213,114,1
107,17,1
107,111,1
373,29,1
430,54,1
187,16,1
4,94,1
373,204,1
373,235,1
373,188,1
373,38,1
373,212,1
373,17,1
4,94,1
373,187,1
373,16,1
450,24,1
450,28,1
450,40,1
450,188,1
450,38,1
389,48,1
389,130,1
389,76,1
401,235,1
389,181,1
389,120,1
188,69,1
188,8,1
188,68,1
271,98,1
161,27,1
4,293,1
389,185,1
271,107,1
271,104,1
161,8,1
161,2,1
161,125,1
389,26,1
271,102,1
271,95,1
271,17,1
271,49,1
271,81,1
271,122,1
450,179,1
450,15,1
450,0,1
450,125,1
451,232,1
451,33,1
451,118,1
451,67,1
451,17,1
230,74,1
230,145,1
230,162,1
230,181,1
230,33,1
230,118,1
230,106,1
230,240,1
452,17,1
167,239,1
356,148,1
356,150,1
69,100,1
453,171,1
453,106,1
453,36,1
53,17,1
307,68,1
57,37,1
57,212,1
454,204,1
57,187,1
57,11,1
57,16,1
57,188,1
57,40,1
57,29,1
347,17,1
115,11,1
115,40,1
115,66,1
115,185,1
115,104,1
115,79,1
115,281,1
167,26,1
167,27,1
455,29,1
455,188,1
455,38,1
455,212,1
455,212,1
455,61,1
455,116,1
455,117,1
455,262,1
175,40,1
175,11,1
175,5,1
175,24,1
175,29,1
45,17,1
45,38,1
374,38,1
456,17,1
45,17,1
232,281,1
232,107,1
356,36,1
456,17,1
393,36,1
457,188,1
457,187,1
457,188,1
175,28,1
175,125,1
2,204,1
2,188,1
2,160,1
2,2,1
2,2,1
2,24,1
385,38,1
385,69,1
294,17,1
385,37,1
385,85,1
385,17,1
458,187,1
206,29,1
206,188,1
206,28,1
206,5,1
206,5,1
206,187,1
206,16,1
206,212,1
206,17,1
101,38,1
101,187,1
101,299,1
101,107,1
101,16,1
101,17,1
101,5,1
101,38,1
101,187,1
144,240,1
144,0,1
144,125,1
332,16,1
332,48,1
332,136,1
378,81,1
378,16,1
423,17,1
423,4,1
423,100,1
218,16,1
218,68,1
218,76,1
218,130,1
218,36,1
218,29,1
296,17,1
296,37,1
241,36,1
459,26,1
221,27,1
221,26,1
221,213,1
221,12,1
221,233,1
221,297,1
221,133,1
221,166,1
221,62,1
221,144,1
221,300,1
221,15,1
221,150,1
221,251,1
221,294,1
460,29,1
221,66,1
221,135,1
221,102,1
221,103,1
221,135,1
221,183,1
221,25,1
461,106,1
461,17,1
221,80,1
221,105,1
221,175,1
221,46,1
221,29,1
221,17,1
221,187,1
221,38,1
221,212,1
50,36,1
462,5,1
462,67,1
462,125,1
463,76,1
167,13,1
269,189,1
269,239,1
269,117,1
275,36,1
269,129,1
269,47,1
269,27,1
25,36,1
328,36,1
25,69,1
328,36,1
269,36,1
464,36,1
304,52,1
464,105,1
464,185,1
304,73,1
464,13,1
304,74,1
304,145,1
304,47,1
304,179,1
304,53,1
304,111,1
304,244,1
304,274,1
304,149,1
304,55,1
304,66,1
194,38,1
194,38,1
465,179,1
272,66,1
312,15,1
312,240,1
312,27,1
333,188,1
333,17,1
45,5,1
45,6,1
45,17,1
79,15,1
79,11,1
79,27,1
202,5,1
202,269,1
202,214,1
202,101,1
202,224,1
202,100,1
202,72,1
95,16,1
466,36,1
467,17,1
51,114,1
51,116,1
51,73,1
51,52,1
51,119,1
51,145,1
51,17,1
151,69,1
39,2,1
39,38,1
39,16,1
443,2,1
93,240,1
40,188,1
40,16,1
45,45,1
45,26,1
45,15,1
45,8,1
45,188,1
45,188,1
45,69,1
45,223,1
420,17,1
45,157,1
445,103,1
445,169,1
445,46,1
445,175,1
45,53,1
45,47,1
45,32,1
45,73,1
45,85,1
45,80,1
45,185,1
45,212,1
377,5,1
40,45,1
40,15,1
304,55,1
144,211,1
468,98,1
468,49,1
445,36,1
39,17,1
306,167,1
306,26,1
144,13,1
39,117,1
39,17,1
39,29,1
469,15,1
39,60,1
39,46,1
39,129,1
39,284,1
39,165,1
39,139,1
39,160,1
39,297,1
39,36,1
470,37,1
410,38,1
410,38,1
470,85,1
471,66,1
410,17,1
4,63,1
4,220,1
427,37,1
427,36,1
79,204,1
427,36,1
262,48,1
472,214,1
472,17,1
302,38,1
302,188,1
302,28,1
302,40,1
4,275,1
69,76,1
69,130,1
377,69,1
377,37,1
4,40,1
377,40,1
93,188,1
93,38,1
93,24,1
93,40,1
42,69,1
93,187,1
390,85,1
390,106,1
390,17,1
390,38,1
201,237,1
473,38,1
473,15,1
57,29,1
57,188,1
57,38,1
57,187,1
57,212,1
57,145,1
57,187,1
57,38,1
57,212,1
167,140,1
307,6,1
307,100,1
307,5,1
307,4,1
307,37,1
307,166,1
307,26,1
307,8,1
307,48,1
307,68,1
135,166,1
135,57,1
135,240,1
135,27,1
135,8,1
135,125,1
135,68,1
135,17,1
176,6,1
176,37,1
176,11,1
262,125,1
176,212,1
262,17,1
69,240,1
69,2,1
470,40,1
474,17,1
269,45,1
269,276,1
269,243,1
269,40,1
269,299,1
269,301,1
269,302,1
269,241,1
269,251,1
474,17,1
237,125,1
237,198,1
237,17,1
475,43,1
466,38,1
475,122,1
475,240,1
476,38,1
476,17,1
32,40,1
264,27,1
264,240,1
264,275,1
264,147,1
264,144,1
264,8,1
264,63,1
264,60,1
264,2,1
264,11,1
2,66,1
2,66,1
2,187,1
269,176,1
269,137,1
477,17,1
269,169,1
269,105,1
269,80,1
269,25,1
269,226,1
477,187,1
477,38,1
477,169,1
477,135,1
477,81,1
477,102,1
477,46,1
477,105,1
477,214,1
477,237,1
477,98,1
65,188,1
14,100,1
14,224,1
14,269,1
14,101,1
14,72,1
14,98,1
309,210,1
309,218,1
309,204,1
309,67,1
309,17,1
309,187,1
14,105,1
14,25,1
14,25,1
14,105,1
14,102,1
4,204,1
477,17,1
477,106,1
477,160,1
478,171,1
478,102,1
478,69,1
478,66,1
478,15,1
478,240,1
478,85,1
2,42,1
2,86,1
2,86,1
2,244,1
2,25,1
2,227,1
2,200,1
2,66,1
382,47,1
382,59,1
382,189,1
382,207,1
382,206,1
382,37,1
382,36,1
382,29,1
479,85,1
479,37,1
479,69,1
475,36,1
475,38,1
475,241,1
475,105,1
475,17,1
475,5,1
20,85,1
480,188,1
480,74,1
480,145,1
480,76,1
480,111,1
480,59,1
480,29,1
480,136,1
480,111,1
480,17,1
480,106,1
480,17,1
125,203,1
248,194,1
248,197,1
248,11,1
248,5,1
248,218,1
248,44,1
248,303,1
248,26,1
248,27,1
248,187,1
248,24,1
248,40,1
248,5,1
440,137,1
144,100,1
440,283,1
144,98,1
144,76,1
144,130,1
144,268,1
144,139,1
144,139,1
144,140,1
144,267,1
144,159,1
440,103,1
144,141,1
144,140,1
440,81,1
144,230,1
144,139,1
440,175,1
144,17,1
144,66,1
144,140,1
144,255,1
144,211,1
144,13,1
144,44,1
144,43,1
144,32,1
144,26,1
144,125,1
440,2,1
151,46,1
151,185,1
151,237,1
151,100,1
151,69,1
256,37,1
256,36,1
256,125,1
161,294,1
161,86,1
161,111,1
161,94,1
161,210,1
161,211,1
161,44,1
159,37,1
159,17,1
159,85,1
159,79,1
159,105,1
159,105,1
159,38,1
159,17,1
144,267,1
144,159,1
144,160,1
159,11,1
449,166,1
159,17,1
159,38,1
196,70,1
196,11,1
196,70,1
196,230,1
196,66,1
196,70,1
196,27,1
196,240,1
196,5,1
196,40,1
269,81,1
269,46,1
269,185,1
269,17,1
269,243,1
481,36,1
481,17,1
482,40,1
483,136,1
483,111,1
483,17,1
475,15,1
475,8,1
484,36,1
483,17,1
483,16,1
14,145,1
14,45,1
176,157,1
14,205,1
176,271,1
14,36,1
14,171,1
176,227,1
333,174,1
14,79,1
14,105,1
333,182,1
14,106,1
333,93,1
333,17,1
14,17,1
176,118,1
333,101,1
333,98,1
176,6,1
176,233,1
333,17,1
333,188,1
333,38,1
176,209,1
333,5,1
176,36,1
333,212,1
333,17,1
333,38,1
176,164,1
176,160,1
176,5,1
176,218,1
176,174,1
176,230,1
176,204,1
412,36,1
412,98,1
412,104,1
412,46,1
87,81,1
87,135,1
87,80,1
87,105,1
87,175,1
87,67,1
87,119,1
87,145,1
107,36,1
107,36,1
107,81,1
454,40,1
454,11,1
454,16,1
454,235,1
283,125,1
283,47,1
485,36,1
241,17,1
241,74,1
241,145,1
241,118,1
241,52,1
241,34,1
241,52,1
241,94,1
4,262,1
309,226,1
309,24,1
309,213,1
309,48,1
309,207,1
309,48,1
309,17,1
309,47,1
309,214,1
309,100,1
309,169,1
309,175,1
187,188,1
187,135,1
309,185,1
187,167,1
187,26,1
486,69,1
345,38,1
486,36,1
195,122,1
195,156,1
195,157,1
195,114,1
195,262,1
195,59,1
22,160,1
195,44,1
195,281,1
195,194,1
195,29,1
486,36,1
486,36,1
486,36,1
486,36,1
486,36,1
486,36,1
486,36,1
3,36,1
213,125,1
213,262,1
213,109,1
213,203,1
213,115,1
213,36,1
213,16,1
487,5,1
487,17,1
144,159,1
488,106,1
488,106,1
488,37,1
488,69,1
297,262,1
281,38,1
281,187,1
347,36,1
45,45,1
45,301,1
45,279,1
45,45,1
45,111,1
45,106,1
45,157,1
45,115,1
328,185,1
328,74,1
328,53,1
45,107,1
297,106,1
328,156,1
328,70,1
45,211,1
45,107,1
45,145,1
45,85,1
328,145,1
328,107,1
328,281,1
328,28,1
45,85,1
45,26,1
45,15,1
45,85,1
45,106,1
45,17,1
45,69,1
45,37,1
45,36,1
45,53,1
45,47,1
45,188,1
45,100,1
45,104,1
213,17,1
213,98,1
213,100,1
213,52,1
213,66,1
269,304,1
213,185,1
269,219,1
269,204,1
269,194,1
269,243,1
269,243,1
269,258,1
269,251,1
269,60,1
269,187,1
269,287,1
269,150,1
269,305,1
269,255,1
269,193,1
269,55,1
269,44,1
269,125,1
269,40,1
269,69,1
269,97,1
269,240,1
269,225,1
269,157,1
269,235,1
269,28,1
269,11,1
269,191,1
269,8,1
269,106,1
269,17,1
269,37,1
269,159,1
269,160,1
269,59,1
269,49,1
269,40,1
269,125,1
269,4,1
269,67,1
269,162,1
269,181,1
269,245,1
269,105,1
269,135,1
269,79,1
351,29,1
351,188,1
351,187,1
42,235,1
50,175,1
347,60,1
436,13,1
436,125,1
436,85,1
488,69,1
488,69,1
489,119,1
489,119,1
489,119,1
490,230,1
490,140,1
490,66,1
419,214,1
419,269,1
50,14,1
50,226,1
419,145,1
50,269,1
50,98,1
50,158,1
50,187,1
419,118,1
419,291,1
50,17,1
50,29,1
50,36,1
489,167,1
489,12,1
489,145,1
489,109,1
359,234,1
359,234,1
348,17,1
491,98,1
491,48,1
21,37,1
21,205,1
21,206,1
21,48,1
21,61,1
21,189,1
21,4,1
21,17,1
187,87,1
187,213,1
187,233,1
187,34,1
187,147,1
21,262,1
21,206,1
21,6,1
21,55,1
264,27,1
167,108,1
167,269,1
167,109,1
167,140,1
167,139,1
167,100,1
167,123,1
167,233,1
93,16,1
125,36,1
125,36,1
125,36,1
125,36,1
261,27,1
261,204,1
261,235,1
261,212,1
261,29,1
261,16,1
261,187,1
269,106,1
269,17,1
269,37,1
269,159,1
269,160,1
269,59,1
269,49,1
269,40,1
269,125,1
269,4,1
269,67,1
269,162,1
269,181,1
269,245,1
269,105,1
269,135,1
269,79,1
65,235,1
65,235,1
65,4,1
492,262,1
144,306,1
144,141,1
144,306,1
176,104,1
176,17,1
176,165,1
374,187,1
374,16,1
374,17,1
374,188,1
167,158,1
167,107,1
176,13,1
167,179,1
176,143,1
176,209,1
410,101,1
410,72,1
167,230,1
167,204,1
167,11,1
167,15,1
176,44,1
176,197,1
176,11,1
176,5,1
491,48,1
144,230,1
491,26,1
144,66,1
144,188,1
491,8,1
144,268,1
491,17,1
144,139,1
144,160,1
410,108,1
144,17,1
410,98,1
410,5,1
59,240,1
59,157,1
59,182,1
410,100,1
312,114,1
312,61,1
312,262,1
312,80,1
312,105,1
312,103,1
312,175,1
312,212,1
312,17,1
56,69,1
488,8,1
488,24,1
488,187,1
56,69,1
353,92,1
353,200,1
312,235,1
312,106,1
393,26,1
312,17,1
491,36,1
491,36,1
284,17,1
284,105,1
491,36,1
284,105,1
491,36,1
90,34,1
90,232,1
90,8,1
493,93,1
493,167,1
493,232,1
493,52,1
493,34,1
493,17,1
493,100,1
493,29,1
493,59,1
493,111,1
493,29,1
494,198,1
134,243,1
134,281,1
495,16,1
358,188,1
358,187,1
358,24,1
358,204,1
358,29,1
358,187,1
42,36,1
42,37,1
496,55,1
89,17,1
89,212,1
496,81,1
496,38,1
496,185,1
496,55,1
83,186,1
83,17,1
83,55,1
83,175,1
83,80,1
83,8,1
83,27,1
176,29,1
176,188,1
144,213,1
144,36,1
144,76,1
144,28,1
470,85,1
470,85,1
86,187,1
86,24,1
218,76,1
218,307,1
218,122,1
218,172,1
218,157,1
496,26,1
496,125,1
496,2,1
496,2,1
496,17,1
20,4,1
20,116,1
20,262,1
20,205,1
20,33,1
20,232,1
20,33,1
20,118,1
20,33,1
90,197,1
276,95,1
70,98,1
70,100,1
70,49,1
70,17,1
497,17,1
472,40,1
498,139,1
498,230,1
498,267,1
498,100,1
167,171,1
167,40,1
167,5,1
167,188,1
167,188,1
167,188,1
275,188,1
275,67,1
275,16,1
275,5,1
32,187,1
499,212,1
499,17,1
499,129,1
499,49,1
179,69,1
218,308,1
218,5,1
218,233,1
218,47,1
218,179,1
218,53,1
218,40,1
37,63,1
37,94,1
315,38,1
37,11,1
37,26,1
37,240,1
186,17,1
37,36,1
37,116,1
37,114,1
37,37,1
37,16,1
37,187,1
431,29,1
183,16,1
183,16,1
17,36,1
17,86,1
17,148,1
17,149,1
17,193,1
17,11,1
134,294,1
134,144,1
134,149,1
134,55,1
134,26,1
218,122,1
218,16,1
500,136,1
500,109,1
500,29,1
305,87,1
305,218,1
305,55,1
398,187,1
398,29,1
500,136,1
25,36,1
501,111,1
501,59,1
501,29,1
431,42,1
431,81,1
431,167,1
431,17,1
32,116,1
32,115,1
32,187,1
382,29,1
32,16,1
488,188,1
402,166,1
402,206,1
402,262,1
402,115,1
402,4,1
402,5,1
402,100,1
402,6,1
32,16,1
32,11,1
32,24,1
32,29,1
134,44,1
134,281,1
474,5,1
470,85,1
470,85,1
474,16,1
474,17,1
474,187,1
474,17,1
502,225,1
503,26,1
503,66,1
503,5,1
502,36,1
502,37,1
504,17,1
502,37,1
262,204,1
4,5,1
262,16,1
262,16,1
6,37,1
6,36,1
6,17,1
6,16,1
6,125,1
6,16,1
6,29,1
6,16,1
6,235,1
6,16,1
6,16,1
402,244,1
402,196,1
402,17,1
402,46,1
402,12,1
402,8,1
402,2,1
402,48,1
4,76,1
262,17,1
65,240,1
65,24,1
65,16,1
4,40,1
4,235,1
4,235,1
4,5,1
4,235,1
161,26,1
161,27,1
501,36,1
266,187,1
428,111,1
428,17,1
428,28,1
428,166,1
428,8,1
266,187,1
266,187,1
428,148,1
428,274,1
428,16,1
266,187,1
266,204,1
167,48,1
167,38,1
167,204,1
167,11,1
167,188,1
167,29,1
167,136,1
167,262,1
167,36,1
69,0,1
69,8,1
505,57,1
382,188,1
506,29,1
506,17,1
506,45,1
488,140,1
488,218,1
488,63,1
488,281,1
488,278,1
488,36,1
25,38,1
25,5,1
25,36,1
275,207,1
275,224,1
275,72,1
275,49,1
275,98,1
275,100,1
275,38,1
275,17,1
507,5,1
491,262,1
491,114,1
491,36,1
491,72,1
491,98,1
507,36,1
90,262,1
266,171,1
266,59,1
266,76,1
266,11,1
508,85,1
20,17,1
20,59,1
20,140,1
20,86,1
509,59,1
509,29,1
509,111,1
509,136,1
509,11,1
509,11,1
509,240,1
509,27,1
20,76,1
348,2,1
102,13,1
102,11,1
102,15,1
102,67,1
102,204,1
510,98,1
510,17,1
430,36,1
511,26,1
512,17,1
187,205,1
138,277,1
69,187,1
69,17,1
69,2,1
138,2,1
138,29,1
453,168,1
453,33,1
453,119,1
453,67,1
453,102,1
125,4,1
125,100,1
125,185,1
349,171,1
349,47,1
349,48,1
507,36,1
507,36,1
272,66,1
134,16,1
134,192,1
403,5,1
403,214,1
403,36,1
413,201,1
495,36,1
69,94,1
69,57,1
69,25,1
69,244,1
69,117,1
69,29,1
513,11,1
302,28,1
69,204,1
69,235,1
69,235,1
436,104,1
436,36,1
436,17,1
436,104,1
436,105,1
470,85,1
470,85,1
436,38,1
436,188,1
510,36,1
95,2,1
436,15,1
436,5,1
125,47,1
125,197,1
125,47,1
125,125,1
125,85,1
125,37,1
125,262,1
125,69,1
398,29,1
156,13,1
156,136,1
125,28,1
125,11,1
125,40,1
125,36,1
69,12,1
69,12,1
69,12,1
339,38,1
339,17,1
69,12,1
69,12,1
69,12,1
313,36,1
313,187,1
514,36,1
4,17,1
4,16,1
436,106,1
436,46,1
436,25,1
436,8,1
436,17,1
436,100,1
436,5,1
436,26,1
436,47,1
436,5,1
436,14,1
4,36,1
260,36,1
125,36,1
395,36,1
395,36,1
515,36,1
516,36,1
454,36,1
517,36,1
427,36,1
314,36,1
9,36,1
244,36,1
518,36,1
457,36,1
70,36,1
519,36,1
520,36,1
521,36,1
176,36,1
65,188,1
65,16,1
65,24,1
65,36,1
4,11,1
4,11,1
4,67,1
522,187,1
4,67,1
4,45,1
4,27,1
522,38,1
4,212,1
4,67,1
4,16,1
38,156,1
38,66,1
38,106,1
38,122,1
401,17,1
275,17,1
398,17,1
20,66,1
20,16,1
20,29,1
125,185,1
125,66,1
125,104,1
302,204,1
302,11,1
302,235,1
302,5,1
302,29,1
302,188,1
302,38,1
302,187,1
125,136,1
125,29,1
125,116,1
125,178,1
125,203,1
125,117,1
125,109,1
125,124,1
125,213,1
4,235,1
4,16,1
4,188,1
4,212,1
125,213,1
125,179,1
176,17,1
125,37,1
125,4,1
125,69,1
125,69,1
275,69,1
275,81,1
275,185,1
275,52,1
275,214,1
275,100,1
275,105,1
275,27,1
275,27,1
275,104,1
275,17,1
522,27,1
522,27,1
522,27,1
522,212,1
522,27,1
522,27,1
522,27,1
522,27,1
522,287,1
522,27,1
522,27,1
522,27,1
522,38,1
4,45,1
4,99,1
4,45,1
522,38,1
522,38,1
522,38,1
522,38,1
522,38,1
522,212,1
522,38,1
522,145,1
522,189,1
522,212,1
380,26,1
522,287,1
522,66,1
522,38,1
380,125,1
522,46,1
522,46,1
522,102,1
522,102,1
522,102,1
522,68,1
522,68,1
522,193,1
522,145,1
522,251,1
522,284,1
522,284,1
522,38,1
522,212,1
522,38,1
522,104,1
522,66,1
522,38,1
522,38,1
522,38,1
522,38,1
522,38,1
522,38,1
369,69,1
369,8,1
522,38,1
522,66,1
522,38,1
522,38,1
522,38,1
522,38,1
522,38,1
522,66,1
522,104,1
102,226,1
102,164,1
102,150,1
102,239,1
102,60,1
175,145,1
454,251,1
454,251,1
454,251,1
454,12,1
454,2,1
454,251,1
70,5,1
70,12,1
102,166,1
102,8,1
102,2,1
102,45,1
102,17,1
102,45,1
523,104,1
494,198,1
494,86,1
494,160,1
494,106,1
494,95,1
494,17,1
295,244,1
295,287,1
295,309,1
295,17,1
369,60,1
369,17,1
430,309,1
524,17,1
524,15,1
524,104,1
524,38,1
524,193,1
524,145,1
524,145,1
524,189,1
524,15,1
138,0,1
138,135,1
125,125,1
138,15,1
176,106,1
176,306,1
176,140,1
176,136,1
176,29,1
138,66,1
525,2,1
525,104,1
512,69,1
512,17,1
138,310,1
70,52,1
70,105,1
25,17,1
521,125,1
404,105,1
404,112,1
404,112,1
404,196,1
404,14,1
151,181,1
151,168,1
151,51,1
151,232,1
151,69,1
151,309,1
526,309,1
65,244,1
69,107,1
4,26,1
4,49,1
4,63,1
4,66,1
4,66,1
527,68,1
4,38,1
4,45,1
528,45,1
25,106,1
25,17,1
13,193,1
330,17,1
330,156,1
20,17,1
529,158,1
529,143,1
529,81,1
6,27,1
6,2,1
6,125,1
6,17,1
475,104,1
471,57,1
529,105,1
501,160,1
501,66,1
501,66,1
501,17,1
9,244,1
9,133,1
9,60,1
403,309,1
403,38,1
403,17,1
403,104,1
4,267,1
4,251,1
4,284,1
4,251,1
4,251,1
9,167,1
9,12,1
9,311,1
9,129,1
9,212,1
9,66,1
9,105,1
9,244,1
9,104,1
4,312,1
4,312,1
4,104,1
4,93,1
4,191,1
4,14,1
4,116,1
517,17,1
527,167,1
260,11,1
260,11,1
260,63,1
260,312,1
260,313,1
260,107,1
260,145,1
260,11,1
378,156,1
530,17,1
530,29,1
530,106,1
530,17,1
367,145,1
367,17,1
367,69,1
6,104,1
6,212,1
6,17,1
6,284,1
6,0,1
6,193,1
6,244,1
6,66,1
531,105,1
6,111,1
6,212,1
6,167,1
6,251,1
6,69,1
6,105,1
6,125,1
373,38,1
532,251,1
532,104,1
532,17,1
533,38,1
533,212,1
533,104,1
533,17,1
427,182,1
459,167,1
459,102,1
459,133,1
459,69,1
459,26,1
459,99,1
459,314,1
459,42,1
459,196,1
314,37,1
314,85,1
534,211,1
534,145,1
534,251,1
534,193,1
534,66,1
138,284,1
138,2,1
70,207,1
70,116,1
70,17,1
17,118,1
17,148,1
17,34,1
17,218,1
17,104,1
17,17,1
218,309,1
218,212,1
535,150,1
535,53,1
535,47,1
535,17,1
535,66,1
535,46,1
535,230,1
535,94,1
535,45,1
535,60,1
535,57,1
459,167,1
459,26,1
260,230,1
536,67,1
536,171,1
536,38,1
536,66,1
536,105,1
536,212,1
536,60,1
536,15,1
536,17,1
536,26,1
536,8,1
536,125,1
536,37,1
536,69,1
536,72,1
536,104,1
536,5,1
536,49,1
536,85,1
179,4,1
535,38,1
535,104,1
179,69,1
179,69,1
179,69,1
459,17,1
537,105,1
537,309,1
398,4,1
529,203,1
529,205,1
529,4,1
529,63,1
529,262,1
529,99,1
529,164,1
529,119,1
529,139,1
529,218,1
529,174,1
529,53,1
529,94,1
529,102,1
529,45,1
281,105,1
443,86,1
403,17,1
403,27,1
443,97,1
403,284,1
443,315,1
443,8,1
531,69,1
531,15,1
531,27,1
138,17,1
138,15,1
419,17,1
138,66,1
138,66,1
65,38,1
314,4,1
314,303,1
314,192,1
314,303,1
218,196,1
218,150,1
218,55,1
218,180,1
218,225,1
218,307,1
218,316,1
218,157,1
218,106,1
398,69,1
398,27,1
398,107,1
398,107,1
90,66,1
90,17,1
521,106,1
521,17,1
521,178,1
521,189,1
521,205,1
521,262,1
521,69,1
521,116,1
285,37,1
285,284,1
447,143,1
447,63,1
218,2,1
218,5,1
218,106,1
218,63,1
538,104,1
538,49,1
538,72,1
138,279,1
138,156,1
398,38,1
261,17,1
261,104,1
261,212,1
260,54,1
260,239,1
260,60,1
260,218,1
260,191,1
260,305,1
260,193,1
260,45,1
539,119,1
539,141,1
539,38,1
539,105,1
457,38,1
457,46,1
521,116,1
440,309,1
440,5,1
440,135,1
440,102,1
440,81,1
440,295,1
440,46,1
440,66,1
440,175,1
440,8,1
440,105,1
525,26,1
525,27,1
525,38,1
525,66,1
260,124,1
260,196,1
260,309,1
260,24,1
260,239,1
260,17,1
260,262,1
260,292,1
155,94,1
155,156,1
531,212,1
531,104,1
155,133,1
155,68,1
155,15,1
155,0,1
155,136,1
218,212,1
218,105,1
218,156,1
218,38,1
218,17,1
41,66,1
41,17,1
41,124,1
41,93,1
41,167,1
41,104,1
41,46,1
281,38,1
333,105,1
333,38,1
41,27,1
65,156,1
398,45,1
398,17,1
529,47,1
529,169,1
529,103,1
529,135,1
529,102,1
529,295,1
529,46,1
427,98,1
427,72,1
427,101,1
427,99,1
427,54,1
153,66,1
153,141,1
153,66,1
439,119,1
439,295,1
439,17,1
439,156,1
439,105,1
540,305,1
529,176,1
529,232,1
529,67,1
529,51,1
529,5,1
529,189,1
138,117,1
17,148,1
17,144,1
17,211,1
17,17,1
17,106,1
17,198,1
17,37,1
17,193,1
17,47,1
17,167,1
17,25,1
17,27,1
17,125,1
17,125,1
17,125,1
244,47,1
244,38,1
244,17,1
374,66,1
528,117,1
195,298,1
195,74,1
195,189,1
195,157,1
195,239,1
195,81,1
195,102,1
195,2,1
541,46,1
541,38,1
541,17,1
427,99,1
427,317,1
427,101,1
427,317,1
427,101,1
427,318,1
427,315,1
427,283,1
542,69,1
138,38,1
138,156,1
529,193,1
529,218,1
529,11,1
529,17,1
529,106,1
541,267,1
541,159,1
541,230,1
541,159,1
541,46,1
541,284,1
543,38,1
529,167,1
529,165,1
529,284,1
529,63,1
138,42,1
138,193,1
544,309,1
544,309,1
544,262,1
378,99,1
378,46,1
378,45,1
378,17,1
541,143,1
541,8,1
541,144,1
541,107,1
138,176,1
541,40,1
541,104,1
545,275,1
541,139,1
545,69,1
541,139,1
541,275,1
541,268,1
541,139,1
541,275,1
369,275,1
369,230,1
369,17,1
543,268,1
447,284,1
90,49,1
90,25,1
90,85,1
90,85,1
70,245,1
70,239,1
70,196,1
70,53,1
70,180,1
70,54,1
70,122,1
70,230,1
70,49,1
70,17,1
70,12,1
70,60,1
70,103,1
70,105,1
70,46,1
70,275,1
546,104,1
248,135,1
248,103,1
248,319,1
248,38,1
248,319,1
248,104,1
248,275,1
248,268,1
248,117,1
248,105,1
248,17,1
248,287,1
248,251,1
535,319,1
535,302,1
535,316,1
535,312,1
535,305,1
535,13,1
535,27,1
546,105,1
546,66,1
546,85,1
546,146,1
546,92,1
546,320,1
546,284,1
546,152,1
546,211,1
546,191,1
546,220,1
546,63,1
546,321,1
546,313,1
546,93,1
546,107,1
546,212,1
546,244,1
546,294,1
546,315,1
546,45,1
546,117,1
546,140,1
546,8,1
535,136,1
155,17,1
535,273,1
535,207,1
535,37,1
535,204,1
535,262,1
535,292,1
535,322,1
535,191,1
535,205,1
535,323,1
535,118,1
535,141,1
535,232,1
535,99,1
535,268,1
535,198,1
535,324,1
535,37,1
535,48,1
535,97,1
535,92,1
535,189,1
535,157,1
535,221,1
535,150,1
535,193,1
535,47,1
535,67,1
535,180,1
535,122,1
535,129,1
535,49,1
535,45,1
518,287,1
535,17,1
535,105,1
535,309,1
535,66,1
535,104,1
333,287,1
333,117,1
302,325,1
302,92,1
302,166,1
302,145,1
302,17,1
302,309,1
302,156,1
302,284,1
302,17,1
65,17,1
427,8,1
427,182,1
427,283,1
302,212,1
159,17,1
159,105,1
159,306,1
159,104,1
159,212,1
159,17,1
541,319,1
541,4,1
541,159,1
541,17,1
541,160,1
541,268,1
541,66,1
541,105,1
374,4,1
374,167,1
374,106,1
374,105,1
374,156,1
374,287,1
374,284,1
374,306,1
374,17,1
17,135,1
17,118,1
17,47,1
17,106,1
17,17,1
541,66,1
537,105,1
440,46,1
440,105,1
440,66,1
440,319,1
182,205,1
182,48,1
547,250,1
547,250,1
547,250,1
398,85,1
398,46,1
398,54,1
398,239,1
548,45,1
548,69,1
65,17,1
65,309,1
548,117,1
541,66,1
295,309,1
295,17,1
549,284,1
181,2,1
181,156,1
413,17,1
550,105,1
550,66,1
550,104,1
550,306,1
550,17,1
391,15,1
391,146,1
391,218,1
391,322,1
391,109,1
70,239,1
70,46,1
70,319,1
546,104,1
546,17,1
546,212,1
530,17,1
436,145,1
436,74,1
436,239,1
436,105,1
436,17,1
436,17,1
529,17,1
529,106,1
529,106,1
529,17,1
551,17,1
551,17,1
447,179,1
447,117,1
378,261,1
378,277,1
378,297,1
378,45,1
378,326,1
378,294,1
378,93,1
378,244,1
378,218,1
378,261,1
378,144,1
378,313,1
378,107,1
378,210,1
378,116,1
378,54,1
378,2,1
378,317,1
378,99,1
378,314,1
378,47,1
378,232,1
378,145,1
378,198,1
378,132,1
378,318,1
378,318,1
378,132,1
378,315,1
378,93,1
290,17,1
541,17,1
543,17,1
103,8,1
103,15,1
103,46,1
103,69,1
103,67,1
103,17,1
552,117,1
65,17,1
65,106,1
65,17,1
4,17,1
4,62,1
544,284,1
544,139,1
539,85,1
539,37,1
539,69,1
539,203,1
539,109,1
553,26,1
539,106,1
539,212,1
369,309,1
369,275,1
369,306,1
440,66,1
440,85,1
554,203,1
554,109,1
554,203,1
554,205,1
459,275,1
555,105,1
555,104,1
555,105,1
314,17,1
556,144,1
557,46,1
470,106,1
470,125,1
557,167,1
557,284,1
557,212,1
374,275,1
281,136,1
281,319,1
281,80,1
281,104,1
281,183,1
281,183,1
281,102,1
281,38,1
281,46,1
415,47,1
558,99,1
558,214,1
558,145,1
558,116,1
558,143,1
558,93,1
558,326,1
558,167,1
558,37,1
447,13,1
447,27,1
447,15,1
447,8,1
447,117,1
447,117,1
529,2,1
373,49,1
516,210,1
516,148,1
516,26,1
295,94,1
295,284,1
295,49,1
295,60,1
295,8,1
295,117,1
295,309,1
431,80,1
543,212,1
543,48,1
543,85,1
543,69,1
556,42,1
523,232,1
523,230,1
108,287,1
314,205,1
314,179,1
314,26,1
314,47,1
314,40,1
314,47,1
314,106,1
414,68,1
414,106,1
559,27,1
559,27,1
559,68,1
159,198,1
560,4,1
561,166,1
561,193,1
435,230,1
435,8,1
527,159,1
527,230,1
527,159,1
380,57,1
380,13,1
380,125,1
380,125,1
373,46,1
155,311,1
562,85,1
427,8,1
423,203,1
423,116,1
556,45,1
530,116,1
530,178,1
560,188,1
539,141,1
155,157,1
155,240,1
155,295,1
155,105,1
563,2,1
563,8,1
563,45,1
564,37,1
564,315,1
564,93,1
564,86,1
564,182,1
564,48,1
564,69,1
564,105,1
380,57,1
380,125,1
373,212,1
373,26,1
373,26,1
373,26,1
373,13,1
373,12,1
373,105,1
539,45,1
565,2,1
566,69,1
543,284,1
566,69,1
208,157,1
208,223,1
208,14,1
208,101,1
208,99,1
208,105,1
208,99,1
208,239,1
208,122,1
208,295,1
208,79,1
208,102,1
208,103,1
208,85,1
208,103,1
565,309,1
565,2,1
565,37,1
567,210,1
567,8,1
373,25,1
373,12,1
373,60,1
373,26,1
373,98,1
373,232,1
373,145,1
373,74,1
373,92,1
373,189,1
373,221,1
373,239,1
373,180,1
373,119,1
373,165,1
373,279,1
373,54,1
373,46,1
568,105,1
568,105,1
568,135,1
65,160,1
440,311,1
440,49,1
554,8,1
554,2,1
440,12,1
440,239,1
440,2,1
440,105,1
440,306,1
440,104,1
440,306,1
39,178,1
39,207,1
39,178,1
39,66,1
39,103,1
39,104,1
39,171,1
39,34,1
39,26,1
39,109,1
39,15,1
39,122,1
39,118,1
39,291,1
569,104,1
569,38,1
569,27,1
570,37,1
570,37,1
570,232,1
247,239,1
247,2,1
247,11,1
247,27,1
247,92,1
247,166,1
247,94,1
247,43,1
247,297,1
247,152,1
247,220,1
247,294,1
247,13,1
247,150,1
247,152,1
552,166,1
247,275,1
247,204,1
247,327,1
247,152,1
247,136,1
247,150,1
247,150,1
247,189,1
247,178,1
247,116,1
247,201,1
247,2,1
247,4,1
247,223,1
247,278,1
247,232,1
247,52,1
247,34,1
247,145,1
571,148,1
571,191,1
571,145,1
571,327,1
571,11,1
571,210,1
571,165,1
571,60,1
247,166,1
247,13,1
247,26,1
247,201,1
247,200,1
247,48,1
247,69,1
247,136,1
247,111,1
247,189,1
247,48,1
351,8,1
351,118,1
351,27,1
351,27,1
517,275,1
159,81,1
159,295,1
78,284,1
572,40,1
572,160,1
572,69,1
572,69,1
573,284,1
573,136,1
573,47,1
573,220,1
573,8,1
573,143,1
573,165,1
78,104,1
573,86,1
78,104,1
572,69,1
572,37,1
572,37,1
572,85,1
572,37,1
572,287,1
572,287,1
572,104,1
572,212,1
271,8,1
78,98,1
78,328,1
78,105,1
78,97,1
78,169,1
78,196,1
78,239,1
78,54,1
78,46,1
78,25,1
78,12,1
78,8,1
412,169,1
412,103,1
412,218,1
412,326,1
574,317,1
573,117,1
573,109,1
573,68,1
543,212,1
530,221,1
530,240,1
530,166,1
530,8,1
248,107,1
248,305,1
248,11,1
248,284,1
248,239,1
248,24,1
390,104,1
108,2,1
159,69,1
195,125,1
17,111,1
17,295,1
575,2,1
573,45,1
373,46,1
373,49,1
573,49,1
576,85,1
573,15,1
573,49,1
573,45,1
573,66,1
573,68,1
573,8,1
573,125,1
573,4,1
573,13,1
573,13,1
573,15,1
573,193,1
459,26,1
314,46,1
314,306,1
69,27,1
69,68,1
577,85,1
577,69,1
577,37,1
578,86,1
502,37,1
502,104,1
502,183,1
502,104,1
502,27,1
502,66,1
502,212,1
502,105,1
90,45,1
579,104,1
580,85,1
65,54,1
65,166,1
65,105,1
565,8,1
565,317,1
565,251,1
565,2,1
528,117,1
528,26,1
17,15,1
17,46,1
447,117,1
447,203,1
447,109,1
447,116,1
447,178,1
447,117,1
447,4,1
447,8,1
373,2,1
579,27,1
579,72,1
579,98,1
373,2,1
579,99,1
579,105,1
579,2,1
579,105,1
580,98,1
580,214,1
580,49,1
580,100,1
580,101,1
580,329,1
580,314,1
581,80,1
581,46,1
581,66,1
159,143,1
159,125,1
159,125,1
373,2,1
373,2,1
431,118,1
431,8,1
431,105,1
431,275,1
431,27,1
431,104,1
443,317,1
443,34,1
443,251,1
443,117,1
373,2,1
248,12,1
159,4,1
159,69,1
159,85,1
159,37,1
267,69,1
267,125,1
551,306,1
373,2,1
373,2,1
552,45,1
552,0,1
582,330,1
582,331,1
582,332,1
517,8,1
517,49,1
517,317,1
517,207,1
517,69,1
517,85,1
517,69,1
517,46,1
517,14,1
517,98,1
517,317,1
265,287,1
265,13,1
265,287,1
265,315,1
265,255,1
265,244,1
265,145,1
265,219,1
265,107,1
265,303,1
265,204,1
265,45,1
265,251,1
265,66,1
265,80,1
265,104,1
265,212,1
265,104,1
265,116,1
265,69,1
334,139,1
334,306,1
470,125,1
583,69,1
567,167,1
567,49,1
567,214,1
567,99,1
567,317,1
567,314,1
567,314,1
567,118,1
567,232,1
567,232,1
567,47,1
567,189,1
567,239,1
65,26,1
314,295,1
314,105,1
314,38,1
314,66,1
314,38,1
314,104,1
314,105,1
314,196,1
314,193,1
314,93,1
567,2,1
567,129,1
567,125,1
567,66,1
567,105,1
567,104,1
567,69,1
567,69,1
413,125,1
584,69,1
314,294,1
543,69,1
206,279,1
206,167,1
206,13,1
206,45,1
234,251,1
546,333,1
546,313,1
546,211,1
546,104,1
546,295,1
546,80,1
546,105,1
475,2,1
585,306,1
543,37,1
579,46,1
579,69,1
586,15,1
586,53,1
586,26,1
586,47,1
586,40,1
586,47,1
586,207,1
586,273,1
586,189,1
579,105,1
586,27,1
587,60,1
587,27,1
587,8,1
587,12,1
587,12,1
587,133,1
580,4,1
431,27,1
581,117,1
581,225,1
581,309,1
581,239,1
581,34,1
581,171,1
581,278,1
581,145,1
581,145,1
581,74,1
313,81,1
313,306,1
313,27,1
313,66,1
90,55,1
443,123,1
90,196,1
90,279,1
90,12,1
90,57,1
90,27,1
90,26,1
588,167,1
588,68,1
588,8,1
229,116,1
589,117,1
589,116,1
589,178,1
314,85,1
69,139,1
520,306,1
549,212,1
549,27,1
69,102,1
549,85,1
271,125,1
271,15,1
428,26,1
271,57,1
428,166,1
590,85,1
590,69,1
590,139,1
590,306,1
590,119,1
590,268,1
591,60,1
590,85,1
475,119,1
475,4,1
475,4,1
340,69,1
433,66,1
433,105,1
433,105,1
592,46,1
592,135,1
592,183,1
374,66,1
593,268,1
593,141,1
593,66,1
593,140,1
593,12,1
436,69,1
436,72,1
436,125,1
281,306,1
69,45,1
69,45,1
567,268,1
138,26,1
69,66,1
69,66,1
69,139,1
69,139,1
69,139,1
69,139,1
69,139,1
72,139,1
72,139,1
72,139,1
72,139,1
72,49,1
72,68,1
72,104,1
72,104,1
594,306,1
594,74,1
594,171,1
594,118,1
594,37,1
594,69,1
594,125,1
594,45,1
594,45,1
594,27,1
595,334,1
69,250,1
69,250,1
69,335,1
69,335,1
69,335,1
69,335,1
69,249,1
69,249,1
69,250,1
69,331,1
69,331,1
69,335,1
262,335,1
69,250,1
596,250,1
138,249,1
138,249,1
